,1,2,3,4,5,6,7,8,9,10,11,12,13,14,15,16,17,18,19,20,21,22,23,24,25,26,27,28,29,30,31,32,33,34,35,36,37,38,39,40,41,42,43,44,45,46,47,48,49,50,51,52,53,54,55,56,57,58,59,60,61,62,63,64,65,66,67,68,69,70,71,72,73,74,75,76,77,78,79,80,81,82,83,84,85,86,87,88,89,90,91,92,93,94,95,96,97,98,99,100,101,102,103,104,105,106,107,108,109,110,111,112,113,114,115,116,117,118,119,120,121,122,123,124,125,126,127
1,0.00,21.48,29.52,31.58,30.85,25.28,34.34,28.20,31.45,26.61,27.35,26.93,31.12,28.72,32.97,34.97,45.21,31.12,30.14,46.35,31.76,40.14,32.23,33.99,33.14,33.08,33.37,35.23,34.76,34.32,34.38,34.50,34.60,35.69,42.05,35.52,38.14,38.92,29.45,40.56,27.55,27.35,27.56,32.12,32.18,26.74,26.51,32.57,32.71,26.23,22.96,20.62,30.97,23.67,30.39,22.43,23.38,23.97,24.73,23.49,24.22,32.39,37.20,29.17,33.86,33.89,30.09,25.79,32.01,34.40,27.86,31.94,27.39,46.12,26.92,28.17,34.28,32.60,29.88,32.14,33.98,31.37,17.00,30.08,16.30,28.92,30.13,34.77,30.93,30.85,30.85,30.85,33.00,31.60,31.81,19.01,32.59,33.42,32.53,33.12,31.75,35.25,35.30,32.63,33.05,40.73,32.53,33.65,34.50,33.46,33.84,38.33,38.55,39.97,35.11,35.05,36.32,35.56,37.74,27.37,48.59,39.69,40.87,41.43,30.64,49.46,40.16
2,21.46,0.00,8.03,10.24,9.52,3.95,13.00,6.87,10.12,5.28,6.02,5.60,9.79,7.38,11.64,13.63,23.88,9.79,8.80,25.02,10.43,18.81,10.90,12.66,11.80,11.75,12.04,13.90,13.43,12.98,13.04,13.17,13.27,14.36,20.72,14.19,16.81,17.59,21.17,19.23,41.58,5.86,6.07,10.63,10.69,5.26,5.02,11.24,11.38,4.74,1.85,8.98,8.21,2.56,9.06,1.10,2.05,2.63,3.39,2.15,2.89,11.06,15.86,7.84,12.53,12.56,8.76,4.46,10.67,13.07,6.53,10.61,6.06,24.79,5.59,6.83,12.95,11.27,8.54,10.81,12.65,10.04,17.63,8.75,18.09,7.58,8.79,13.44,9.60,9.52,9.52,9.52,11.67,10.26,10.48,23.91,11.26,12.08,11.20,11.79,10.42,13.92,13.97,11.30,11.71,19.40,11.20,12.32,13.17,12.13,12.51,16.99,17.22,18.64,13.78,13.72,14.99,14.22,16.41,27.21,27.26,18.36,19.54,20.10,39.51,28.13,51.46
3,29.34,8.04,0.00,1.16,1.81,6.09,6.24,3.64,4.26,7.19,5.22,9.13,5.56,6.39,7.23,9.01,17.50,6.64,7.81,18.64,7.63,14.19,9.93,10.13,10.83,10.77,11.04,12.91,12.46,12.01,12.07,12.20,12.30,14.33,16.10,13.19,15.83,20.31,23.89,18.26,44.31,7.93,8.14,6.38,5.60,2.73,3.08,3.53,3.67,4.11,6.46,16.86,0.53,5.91,1.19,7.72,9.40,5.45,10.74,6.33,8.78,3.56,9.32,3.57,4.98,5.05,3.34,7.14,4.08,7.95,5.73,5.56,5.26,17.08,9.12,5.84,8.33,6.64,6.44,7.15,7.65,6.22,20.75,15.20,21.21,12.86,7.80,8.81,8.61,8.55,8.55,8.55,8.96,9.27,9.50,27.02,10.28,9.67,10.23,10.82,12.33,10.55,10.60,10.32,10.74,14.78,12.25,15.84,12.17,15.65,11.53,14.74,14.97,16.39,12.81,16.45,14.02,16.95,15.44,29.93,23.96,21.08,18.57,22.82,42.23,27.15,54.18
4,32.07,11.16,1.16,0.00,2.10,7.26,6.08,4.42,4.49,7.86,5.90,11.86,6.74,7.06,7.07,8.84,16.97,6.87,8.48,18.11,8.38,14.03,10.60,9.96,11.51,11.45,11.72,13.36,13.14,12.69,12.75,12.88,12.97,15.01,15.94,13.86,16.51,20.99,24.57,18.94,44.98,9.11,9.31,4.82,4.04,3.91,4.25,1.97,2.11,5.28,10.13,19.59,1.00,7.08,1.83,10.45,12.07,6.62,13.42,9.07,11.51,3.79,8.80,4.24,4.81,4.89,4.11,7.81,4.31,7.79,6.41,5.39,5.94,16.55,11.85,6.51,8.16,6.48,7.22,6.99,7.49,7.42,21.43,15.88,21.88,14.78,8.47,8.65,9.28,9.22,9.22,9.22,8.80,9.94,10.18,27.70,10.96,9.50,10.90,11.49,13.01,10.38,10.43,11.00,11.42,14.62,12.92,16.52,11.69,16.33,12.21,14.58,14.81,16.23,13.48,17.12,14.69,17.62,16.11,30.60,23.44,21.76,19.25,23.50,42.91,27.83,54.86
5,30.90,9.99,1.49,1.98,0.00,8.22,4.66,3.15,2.90,6.69,4.72,10.69,4.21,5.89,5.86,8.05,16.59,5.28,6.13,17.74,6.27,13.24,9.43,8.14,10.33,10.28,9.36,11.94,11.96,11.51,11.57,11.70,11.80,13.83,15.15,11.51,15.34,19.81,23.39,17.76,43.81,9.55,9.76,5.83,5.05,4.22,4.56,2.98,3.12,5.73,8.96,18.42,1.11,8.37,2.06,9.28,10.90,7.07,12.25,7.89,10.34,2.20,8.42,3.07,3.39,3.47,2.73,6.64,2.72,6.37,5.23,3.58,4.76,16.17,10.68,5.34,7.37,5.06,5.95,5.23,6.87,4.86,20.25,14.70,20.71,13.60,6.12,7.23,7.01,8.05,8.05,8.05,6.98,7.59,9.01,26.52,9.78,7.68,9.73,10.32,11.83,8.97,9.02,9.83,10.24,13.83,11.75,15.34,10.49,15.15,11.03,13.16,13.39,14.81,12.31,15.95,13.52,16.45,14.94,29.43,23.06,20.59,18.07,22.33,41.73,26.65,53.68
6,25.09,4.19,7.40,7.78,7.05,0.00,10.54,4.41,7.66,2.95,3.56,4.88,7.32,4.92,9.18,11.17,21.42,7.33,6.34,22.56,7.96,16.35,8.44,10.20,9.34,9.28,9.57,11.44,10.97,10.52,10.58,10.71,10.81,12.84,18.26,11.72,14.34,16.87,20.45,16.77,40.87,7.02,7.23,8.64,8.71,5.04,4.77,8.78,8.92,2.55,2.22,12.62,7.18,1.67,6.60,3.48,5.10,1.21,6.44,2.09,4.53,8.60,13.40,5.37,10.07,10.09,6.29,2.00,8.21,10.60,4.07,8.14,3.60,22.33,4.88,4.37,10.49,8.80,6.08,8.34,10.18,7.57,16.92,11.36,17.37,8.62,6.33,10.97,7.14,7.06,7.06,7.06,9.21,7.80,8.01,23.19,8.79,9.62,8.74,9.33,9.70,11.46,11.51,8.83,9.25,16.93,10.76,11.60,10.70,11.41,10.04,14.53,14.76,16.18,11.32,13.01,12.53,13.51,13.95,26.49,24.80,17.64,17.08,19.38,38.79,25.66,50.74
7,34.80,13.89,7.10,6.70,5.66,12.12,0.00,6.98,4.79,10.59,8.63,14.59,4.27,7.86,3.18,3.75,12.52,6.01,6.87,13.66,5.91,8.91,12.66,6.57,10.62,10.57,8.03,8.63,14.36,12.03,13.97,12.35,12.45,16.23,10.82,10.23,18.55,22.21,25.79,20.23,46.21,17.55,17.76,8.77,7.99,10.62,10.97,5.92,6.06,13.08,12.86,22.32,6.72,12.28,8.47,13.18,14.80,11.74,16.15,11.80,14.24,4.09,3.68,6.67,1.38,1.75,5.87,10.54,4.61,2.22,9.14,2.92,8.67,12.10,14.58,7.80,3.05,2.59,7.30,3.01,3.77,4.95,23.95,18.40,24.40,17.30,6.86,4.76,7.75,8.51,8.51,8.51,6.33,6.95,9.06,30.22,8.03,5.93,10.03,10.60,14.32,7.52,6.55,12.43,11.40,9.50,14.03,19.04,8.29,18.85,11.32,9.85,10.08,11.50,14.71,18.35,13.82,18.85,15.23,31.83,19.78,22.98,15.92,24.72,44.13,29.15,56.08
8,28.00,7.09,3.66,4.04,3.15,5.32,7.65,0.00,3.28,3.79,1.82,7.79,4.44,2.90,6.29,8.28,18.53,4.61,3.63,19.67,5.25,13.46,6.53,7.48,7.44,7.38,6.86,8.72,9.06,8.61,8.68,8.80,8.90,10.94,15.37,9.01,12.44,16.91,20.50,14.86,40.91,8.86,9.07,7.89,7.10,6.53,6.61,5.03,5.17,5.04,6.06,15.52,3.38,5.47,3.72,6.38,8.00,4.94,9.35,4.99,7.44,2.88,10.83,0.70,7.18,7.21,1.93,3.74,3.13,7.72,2.34,5.26,1.86,18.58,7.78,2.44,7.60,5.92,3.19,5.46,7.30,4.86,17.36,11.80,17.81,10.70,3.61,8.09,4.42,5.15,5.15,5.15,6.49,5.08,5.80,23.62,6.58,6.90,6.83,7.42,8.93,8.74,8.79,6.93,7.34,14.05,8.85,12.45,7.99,12.26,8.14,11.81,12.04,13.46,9.41,13.05,10.62,13.55,12.04,26.53,22.08,17.69,15.17,19.43,38.84,23.76,50.79
9,31.52,10.61,4.50,4.46,2.84,8.84,5.04,3.28,0.00,7.31,5.34,11.31,2.72,4.58,4.58,6.57,16.82,2.74,3.59,17.97,3.73,11.75,9.38,6.52,7.33,7.29,6.82,8.69,11.08,8.75,10.69,9.07,9.16,12.95,13.66,8.97,15.27,18.93,22.51,16.94,42.93,10.15,10.36,7.38,6.60,6.51,6.86,4.53,4.67,6.33,9.58,19.04,3.94,8.99,4.36,9.90,11.52,8.46,12.87,8.51,10.96,1.27,8.20,2.97,3.77,3.90,2.18,7.26,0.62,6.00,5.86,2.71,5.38,18.08,11.30,4.52,5.89,4.20,2.52,3.74,5.58,2.99,20.67,15.12,21.12,14.02,3.58,6.37,4.46,5.23,5.23,5.23,5.36,5.05,5.78,26.94,6.56,6.06,6.74,7.32,11.04,8.11,8.16,9.15,8.12,12.34,10.74,15.76,7.95,15.57,8.03,11.78,12.01,13.43,11.43,15.06,10.53,15.57,11.95,28.55,22.62,19.70,15.09,21.44,40.85,25.86,52.80
10,27.01,6.10,7.19,7.57,6.84,5.21,10.29,4.17,7.41,0.00,2.67,4.05,7.07,3.17,8.93,10.92,21.17,7.09,4.66,22.31,7.72,16.10,5.98,8.93,6.88,6.83,7.84,10.17,8.51,8.06,8.12,8.25,8.35,10.39,16.66,10.45,11.89,16.36,19.94,14.31,40.36,10.27,10.48,11.42,10.63,8.28,8.02,8.57,8.71,5.79,5.06,10.90,6.96,4.48,6.38,5.39,4.67,4.46,6.02,3.63,3.70,8.35,13.15,5.16,9.82,9.84,6.05,2.76,7.96,10.35,1.78,7.89,2.56,22.11,4.05,3.16,10.24,8.55,5.83,8.09,9.93,7.33,16.80,11.25,17.26,7.79,5.43,10.72,5.10,4.60,4.60,4.60,8.97,7.56,5.58,23.07,6.35,9.00,6.28,6.87,8.38,11.44,9.85,6.38,6.79,16.68,8.30,10.77,9.43,10.58,7.58,13.26,13.48,14.90,8.86,12.50,10.07,13.00,11.49,25.98,23.52,17.14,14.62,18.88,38.28,23.21,50.23
11,27.15,6.24,4.91,5.29,4.56,4.47,8.02,1.88,5.14,2.20,0.00,6.94,4.80,2.05,6.66,8.65,18.89,4.80,3.82,20.04,5.44,13.82,5.68,7.68,6.59,6.53,7.05,8.92,8.22,7.77,7.83,7.96,8.05,10.09,15.73,9.20,11.59,16.07,19.65,14.02,40.07,9.90,10.11,9.14,8.35,7.92,7.65,6.28,6.42,5.43,5.21,14.68,4.68,4.63,4.10,5.54,7.16,4.09,8.50,4.15,6.59,6.08,12.08,2.88,7.55,7.57,3.77,2.89,5.69,8.08,0.81,5.62,0.22,19.83,6.93,1.85,7.96,6.28,3.56,5.82,7.66,5.05,16.51,10.96,16.96,10.68,3.81,8.45,4.62,4.31,4.31,4.31,6.69,5.28,5.26,22.78,6.04,7.10,5.99,6.58,8.09,8.93,8.98,6.08,6.50,14.41,8.01,11.60,8.18,11.41,7.29,12.01,12.23,13.65,8.57,12.20,9.78,12.71,11.20,25.69,22.27,16.84,14.33,18.58,37.99,22.91,49.94
12,26.87,5.96,9.15,11.37,10.64,5.08,14.13,8.00,11.25,3.65,6.31,0.00,10.91,6.82,12.77,14.76,25.01,10.92,8.31,26.15,11.55,19.94,6.47,12.57,9.38,9.32,11.49,13.68,8.13,8.21,7.74,8.40,8.50,8.76,20.17,13.69,12.60,11.99,15.57,16.86,35.98,10.13,10.34,11.75,11.82,8.15,7.88,12.37,12.51,5.66,4.93,10.76,10.77,4.35,10.19,5.25,4.54,4.32,5.40,3.50,3.57,12.19,16.99,8.96,13.66,13.69,9.89,3.79,11.80,14.19,5.43,11.73,6.20,25.92,0.01,7.96,14.08,12.39,9.67,11.93,13.77,11.16,12.03,6.48,12.49,3.74,9.92,14.56,8.74,7.09,7.09,7.09,12.80,11.39,8.46,18.31,10.00,13.21,6.74,9.36,6.77,14.95,13.50,7.09,7.50,20.52,7.55,6.72,12.94,6.53,10.08,16.77,17.00,18.41,9.57,8.12,12.56,8.62,11.76,21.61,27.03,12.76,17.11,14.50,33.91,23.92,45.86
13,31.45,10.54,5.48,5.08,4.04,8.77,3.22,5.49,3.16,7.24,5.27,11.24,0.00,4.50,1.86,3.85,14.10,2.65,3.52,15.24,2.56,9.03,9.31,4.13,7.26,7.22,5.37,8.37,11.01,8.68,10.62,8.99,9.09,12.88,10.94,7.52,15.20,18.86,22.44,16.87,42.85,14.20,14.40,7.15,6.36,9.00,9.34,4.30,4.43,9.72,9.50,18.97,5.10,8.92,6.84,9.83,11.45,8.39,12.79,8.44,10.89,2.47,6.08,5.80,2.74,2.77,4.24,7.19,2.99,3.28,5.78,0.82,5.31,14.31,11.23,4.45,3.16,1.48,3.94,1.02,2.86,1.59,20.60,15.04,21.05,13.95,3.51,3.65,4.39,5.16,5.16,5.16,2.97,3.60,5.71,26.86,4.67,3.67,6.67,7.25,10.97,5.39,5.44,9.07,8.04,9.62,10.67,15.69,5.86,15.50,7.96,9.58,9.81,11.23,11.35,14.99,10.46,15.49,11.88,28.47,19.89,19.63,15.01,21.37,40.78,25.79,52.73
14,28.71,7.80,6.44,6.82,6.09,6.03,8.03,3.24,5.14,4.52,2.61,6.83,4.81,0.00,6.66,8.66,18.90,4.70,2.40,20.04,4.98,13.83,5.74,6.66,4.74,4.82,5.58,7.90,8.27,6.28,7.88,6.60,6.70,10.14,14.39,8.19,11.64,16.12,19.70,14.48,40.12,11.46,11.67,10.67,9.88,9.48,9.21,7.82,7.96,6.99,6.77,16.23,6.21,6.19,5.63,7.09,7.45,5.65,8.80,5.71,6.48,6.08,10.89,3.55,7.55,7.58,3.65,4.45,5.70,8.09,3.05,5.63,2.50,19.11,6.82,1.38,7.97,6.29,3.57,5.83,7.67,4.95,16.46,10.91,16.91,9.81,3.16,8.46,2.83,2.45,2.45,2.45,6.58,5.17,3.31,22.73,4.09,6.74,4.28,4.72,8.04,9.17,7.59,6.13,5.65,14.42,8.06,11.55,7.17,11.36,5.44,10.99,11.22,12.64,8.62,12.26,8.07,12.76,9.49,25.74,21.26,16.89,12.62,18.63,38.04,22.97,49.99
15,33.18,12.27,7.36,6.96,5.92,10.50,3.20,7.23,5.23,8.97,7.01,12.97,2.65,6.24,0.00,1.62,13.41,3.04,5.25,14.55,3.16,8.34,11.04,3.79,7.78,8.95,5.25,6.70,12.74,10.41,12.35,10.73,10.83,14.61,11.32,8.29,16.93,20.59,24.17,17.35,44.59,15.93,16.14,9.03,8.24,10.88,11.22,6.18,6.31,11.46,11.24,20.70,6.98,10.66,8.72,11.56,13.18,10.12,14.53,10.18,12.62,4.35,5.39,7.53,2.73,2.75,6.12,8.92,4.94,2.59,7.52,2.70,7.05,13.62,12.96,6.18,2.47,1.02,5.68,1.08,1.00,2.22,22.33,16.78,22.78,15.68,3.88,1.98,4.69,6.89,6.89,6.89,2.23,4.20,6.07,28.60,5.27,3.15,8.41,6.77,12.70,3.72,3.77,10.81,9.78,8.93,12.41,17.42,5.52,17.23,9.70,7.92,8.14,9.56,13.09,16.73,12.20,17.23,13.61,30.21,18.18,21.36,13.99,23.10,42.51,27.53,54.46
16,34.99,14.08,9.14,8.74,7.70,12.31,3.75,9.03,7.03,10.78,8.81,14.78,4.45,8.04,1.62,0.00,11.64,4.61,7.06,12.78,4.73,6.57,12.85,4.68,8.67,10.76,6.15,5.26,14.55,10.99,14.16,11.02,11.11,16.42,8.47,6.85,18.74,22.40,25.98,15.91,46.39,17.74,17.95,10.81,10.03,12.66,13.01,7.96,8.10,13.26,13.05,22.51,8.76,12.46,10.50,13.37,14.99,11.93,16.34,11.98,14.43,6.13,5.21,9.34,4.53,4.55,7.91,10.73,6.74,2.41,9.32,4.48,8.85,11.85,14.77,7.99,1.54,3.20,7.49,3.63,1.42,3.84,24.14,18.58,24.59,17.49,5.95,2.47,6.76,8.70,8.70,8.70,3.78,5.77,9.25,30.41,6.84,4.44,10.21,7.66,14.51,4.14,4.66,12.61,11.59,7.15,14.21,19.23,6.81,19.04,9.36,6.48,6.71,8.12,14.89,18.53,14.00,19.03,15.42,32.02,16.74,21.96,12.55,24.91,44.32,28.03,56.27
17,45.67,24.76,18.70,16.79,17.42,22.99,13.26,19.74,17.71,21.46,19.49,25.46,15.13,18.72,13.46,11.84,0.00,15.60,17.74,3.00,15.72,4.88,23.53,14.21,18.57,19.69,16.05,13.71,23.82,20.89,23.43,20.92,21.01,25.69,8.24,15.30,27.21,31.67,35.25,24.36,55.66,26.04,26.25,18.86,18.07,20.71,21.06,16.01,16.15,22.22,23.72,33.19,17.87,23.14,18.55,24.05,25.67,22.61,27.01,22.66,25.11,16.81,10.35,19.56,14.16,14.54,19.43,21.41,17.42,12.51,20.00,15.16,19.53,3.13,25.45,18.67,12.22,13.88,18.16,14.31,13.27,15.56,34.82,29.26,35.27,28.17,16.95,13.44,18.61,19.38,19.38,19.38,16.03,16.70,19.93,41.08,17.36,15.41,20.89,17.56,24.88,13.30,13.76,22.35,20.86,5.46,24.57,29.91,15.26,27.25,17.60,10.76,10.32,9.43,22.36,27.80,22.07,28.31,22.83,41.29,11.31,30.41,21.00,33.52,53.59,30.05,65.54
18,31.09,10.18,6.92,7.16,5.26,8.41,5.30,5.13,2.75,6.88,4.91,10.88,2.39,4.15,2.84,4.56,15.40,0.00,2.45,16.54,1.22,10.33,8.95,4.01,5.45,5.79,4.03,5.89,9.58,7.26,9.20,7.57,7.67,11.46,12.66,6.18,12.61,17.43,21.01,15.45,41.43,13.84,14.05,9.23,8.44,11.86,11.59,6.38,6.52,9.37,9.15,18.61,6.37,8.56,8.01,9.47,11.09,8.03,12.44,8.08,10.53,3.69,8.16,5.44,4.83,4.16,4.18,6.83,3.30,5.36,5.43,2.90,4.95,15.61,10.87,4.09,5.24,3.56,3.59,2.33,3.97,1.32,20.24,14.69,20.69,13.59,1.58,3.33,2.38,4.80,4.80,4.80,2.84,2.26,3.76,26.51,3.33,3.55,6.31,4.60,10.65,5.07,5.12,8.72,6.62,10.91,10.31,15.33,5.16,13.01,6.15,9.27,9.49,10.91,9.93,13.57,9.04,14.07,9.30,27.05,19.53,18.21,11.88,19.95,39.36,24.28,51.31
19,30.08,9.17,7.80,8.19,6.54,7.40,6.91,4.12,4.03,6.00,3.90,8.31,3.70,2.46,5.55,6.84,17.79,2.51,0.00,18.93,2.89,12.72,6.57,5.41,3.80,4.48,4.32,6.65,8.27,5.94,7.88,6.26,6.35,10.14,13.14,6.93,12.46,16.12,19.70,14.14,40.12,12.83,13.04,10.85,10.06,10.85,10.58,7.99,8.13,8.36,8.14,17.60,7.58,7.55,7.00,8.46,10.08,7.02,11.43,7.07,7.96,4.97,9.78,4.43,6.44,6.47,4.51,5.82,4.58,6.98,4.42,4.52,3.94,18.00,8.30,3.08,6.86,5.18,2.45,4.72,6.56,2.75,17.86,12.31,18.31,11.21,0.97,5.61,0.74,2.42,2.42,2.42,4.39,2.98,2.11,24.13,2.84,4.80,3.93,2.90,8.23,6.63,6.33,6.34,5.31,13.31,7.94,12.95,5.91,12.76,4.50,9.74,9.97,11.39,8.62,12.26,7.72,12.76,9.14,25.74,20.01,16.89,12.28,18.63,38.04,23.05,49.99
20,45.53,24.62,18.56,16.65,17.28,22.85,13.12,19.60,17.57,21.32,19.35,25.32,14.99,18.58,13.32,11.70,3.19,15.46,17.60,0.00,15.58,4.74,23.39,14.07,18.43,19.55,15.91,13.57,23.68,20.75,23.29,20.78,20.88,25.55,8.10,15.16,27.08,31.53,35.11,24.22,55.53,25.91,26.11,18.72,17.94,20.57,20.92,15.87,16.01,22.08,23.59,33.05,17.74,23.00,18.41,23.91,25.53,22.47,26.88,22.52,24.97,16.67,10.21,19.42,14.02,14.40,19.29,21.27,17.28,12.38,19.86,15.02,19.39,3.48,25.31,18.53,12.08,13.74,18.03,14.17,13.13,15.42,34.68,29.12,35.13,28.03,16.81,13.30,18.47,19.24,19.24,19.24,15.89,16.56,19.79,40.95,17.22,15.27,20.75,17.42,24.74,13.17,13.62,22.21,20.72,5.32,24.43,29.77,15.12,27.11,17.46,10.62,10.18,9.29,22.22,27.66,21.93,28.17,22.69,41.15,11.17,30.28,20.86,33.39,53.45,29.91,65.40
21,31.51,10.60,9.23,8.37,7.23,8.83,6.51,5.55,4.72,7.30,5.33,11.30,4.36,4.56,4.05,5.77,17.78,2.20,2.58,18.92,0.00,11.86,8.25,3.43,4.18,4.55,2.80,4.67,8.34,6.01,7.95,6.33,6.42,10.21,11.16,4.95,11.37,16.19,19.77,14.01,40.18,14.26,14.47,10.44,9.66,12.28,12.01,7.59,7.73,9.78,9.57,19.03,9.01,8.98,8.43,9.89,11.51,8.45,12.86,8.50,10.95,5.66,9.37,5.86,6.04,5.38,5.94,7.25,5.27,6.57,5.84,4.11,5.37,18.33,11.29,4.51,6.46,4.77,3.99,3.54,5.18,3.29,20.10,14.54,20.55,13.45,1.97,3.79,2.06,4.66,4.66,4.66,2.44,1.03,3.82,26.36,2.17,2.85,5.62,2.91,9.40,4.68,4.74,6.87,5.37,13.29,9.09,14.89,3.93,11.77,4.88,7.76,7.99,9.41,8.68,12.32,7.79,12.82,8.05,25.81,18.03,16.96,10.65,18.70,38.11,23.03,50.06
22,40.18,19.28,15.99,14.08,12.90,17.50,8.95,14.23,12.23,15.98,14.01,19.97,9.65,13.24,7.98,6.36,4.84,10.12,12.26,5.98,10.24,0.00,18.05,8.27,12.63,13.75,10.11,7.77,17.88,14.95,17.49,14.98,15.08,19.75,4.51,9.36,21.27,25.73,29.31,18.42,49.73,22.93,23.14,16.15,15.36,18.00,18.34,13.29,13.43,18.46,18.24,27.71,15.16,17.66,15.84,18.57,20.19,17.12,21.53,17.18,19.62,11.33,7.64,14.54,9.73,9.75,13.11,15.93,11.94,7.61,14.52,9.68,14.05,7.57,19.97,13.19,6.74,8.40,12.68,8.82,7.78,10.08,29.33,23.78,29.79,22.68,11.46,7.96,13.13,13.89,13.89,13.89,9.29,10.76,14.44,35.60,11.42,9.47,15.41,11.62,19.71,7.37,7.82,17.81,14.92,1.73,19.41,24.43,9.32,24.23,11.66,5.51,5.68,5.70,16.42,21.86,16.13,22.37,16.89,35.35,12.95,24.48,15.06,27.59,47.65,26.32,59.60
23,32.24,11.33,9.99,10.38,9.65,9.56,12.94,6.97,10.06,7.37,5.47,7.10,9.73,5.96,11.58,13.57,24.08,9.43,7.32,25.22,10.53,18.16,0.00,9.90,5.85,4.24,8.81,10.97,2.98,3.67,2.59,3.86,3.95,4.85,17.46,10.98,7.67,10.83,14.41,10.09,34.83,14.99,15.20,14.22,13.44,13.01,12.74,11.37,11.51,10.52,10.30,16.52,9.77,9.71,9.19,10.62,10.29,9.18,11.64,9.23,9.33,11.00,15.81,7.97,12.47,12.50,8.86,7.98,10.62,13.01,6.58,10.55,5.36,24.91,7.09,5.95,12.89,11.21,8.48,10.75,12.59,9.68,15.62,10.07,16.07,8.97,7.89,13.38,7.75,4.09,4.09,4.09,11.77,10.36,7.27,21.89,8.82,9.97,3.22,6.66,1.99,12.24,10.82,2.16,2.96,19.59,2.52,6.28,10.23,4.29,7.32,14.06,14.29,15.71,4.64,6.96,7.75,7.47,6.83,20.45,24.33,11.60,10.28,13.34,32.75,18.99,44.70
24,33.82,12.91,9.31,8.91,7.87,11.14,7.04,7.86,6.43,9.61,7.64,13.61,4.56,6.66,4.60,4.77,15.11,3.92,4.89,16.25,3.77,9.19,9.58,0.00,4.42,5.54,1.90,2.21,9.67,6.74,9.28,6.77,6.86,11.54,8.49,3.93,11.81,17.52,21.10,12.99,41.51,16.57,16.78,10.98,10.19,14.58,14.32,8.12,8.26,12.09,11.88,21.34,8.93,11.29,10.74,12.20,13.82,10.76,15.17,10.81,13.26,6.30,9.90,8.17,6.57,5.91,8.24,9.56,6.82,7.11,8.15,4.65,7.68,15.66,13.60,6.82,6.99,5.31,6.29,4.07,5.72,3.93,21.71,16.16,22.16,15.06,4.28,3.00,4.47,6.26,6.26,6.26,2.37,2.55,5.67,27.98,3.20,0.83,6.94,3.41,10.73,1.45,0.98,8.20,6.70,10.62,10.42,16.22,2.16,13.10,5.11,5.09,5.32,6.74,8.79,13.65,7.92,14.15,8.49,27.13,15.36,18.29,9.63,20.03,39.44,23.25,51.39
25,33.66,12.75,11.00,11.38,9.95,10.98,10.32,7.70,7.44,8.56,6.48,9.63,7.10,5.02,8.96,9.67,18.96,5.56,3.88,20.10,4.52,13.04,5.16,4.77,0.00,1.12,3.68,5.85,5.24,2.32,4.85,2.34,2.44,7.12,12.34,5.86,7.39,13.09,16.67,9.91,37.09,16.41,16.62,14.25,13.47,14.43,14.16,11.40,11.54,11.94,11.72,17.71,10.78,11.13,10.20,12.04,11.49,10.60,12.84,10.65,10.52,8.38,13.18,8.01,9.85,9.87,8.09,9.40,7.99,10.38,8.00,7.92,6.37,19.51,9.62,6.66,10.27,8.58,5.86,8.12,9.96,5.81,18.78,13.23,19.24,12.13,4.02,6.89,4.01,2.80,2.80,2.80,5.73,5.90,3.40,25.05,3.04,4.84,2.52,1.53,6.30,7.12,5.69,3.77,2.28,14.47,5.99,11.79,5.11,8.67,2.25,8.94,9.17,10.59,4.37,9.23,3.50,9.73,4.07,22.71,19.21,13.87,8.05,15.61,35.02,18.83,46.97
26,34.29,13.38,11.63,12.01,10.58,11.61,10.95,8.33,8.07,9.19,7.11,8.96,7.73,5.65,9.59,11.58,19.97,6.57,5.32,21.11,5.53,14.06,3.95,5.78,1.73,0.00,4.70,6.86,4.03,1.71,3.65,2.02,2.12,5.91,13.35,6.87,7.07,11.89,15.47,9.16,35.88,17.04,17.25,14.88,14.10,15.06,14.79,12.03,12.17,12.57,12.35,18.34,11.41,11.76,10.83,12.67,12.12,11.23,13.46,11.28,11.15,9.01,13.81,8.64,10.48,10.50,8.72,10.03,8.62,11.01,8.63,8.55,7.00,20.53,8.95,7.29,10.90,9.21,6.49,8.75,10.59,6.82,19.41,13.86,19.86,12.76,5.04,7.91,5.02,3.43,3.43,3.43,6.74,6.92,4.41,25.68,4.05,5.85,3.15,2.55,5.10,8.13,6.70,2.57,1.07,15.49,4.79,10.58,6.13,7.47,3.26,9.95,10.18,11.60,4.38,8.02,4.24,8.52,3.75,21.50,20.22,12.66,8.80,14.40,33.81,18.73,45.76
27,34.67,13.76,12.42,12.80,12.08,11.99,10.31,9.12,8.85,9.79,7.90,11.05,8.52,6.30,7.86,9.58,19.23,6.35,4.67,20.37,4.94,13.31,8.07,4.67,2.92,4.04,0.00,6.12,8.16,5.24,7.77,5.26,5.36,10.03,12.61,6.13,10.26,16.01,19.59,11.93,40.01,17.42,17.63,14.24,13.45,15.44,15.17,11.39,11.53,12.95,12.73,18.95,12.20,12.14,11.62,13.05,12.72,11.61,14.07,11.66,11.75,9.79,13.17,9.43,9.83,9.17,9.50,10.41,9.40,10.37,9.00,7.91,7.79,19.78,11.04,8.08,10.25,8.57,7.28,7.34,8.98,6.60,20.20,14.65,20.66,13.55,4.82,6.80,4.80,4.76,4.76,4.76,5.64,5.81,4.87,26.47,2.94,4.75,5.43,1.90,9.22,7.39,5.60,6.69,5.20,14.74,8.91,14.71,5.38,11.59,2.52,9.21,9.44,10.86,6.95,12.15,5.52,12.65,6.94,25.63,19.47,16.78,10.08,18.52,37.93,20.85,49.88
28,35.44,14.53,11.48,11.08,10.04,12.76,8.40,9.49,10.20,11.23,9.27,14.09,6.73,8.24,6.01,4.91,13.29,7.68,6.78,14.43,5.39,7.37,11.16,2.23,6.00,7.12,4.24,0.00,11.25,8.32,9.98,8.16,8.24,13.12,6.67,2.36,14.27,19.10,22.68,11.41,43.09,18.19,18.40,13.15,12.36,16.21,15.94,10.30,10.43,13.72,13.50,22.96,11.10,12.92,12.36,13.82,15.44,12.38,16.79,12.44,13.74,8.47,9.39,9.79,8.60,8.62,9.87,11.18,8.99,7.06,9.78,6.82,9.31,13.84,14.08,8.44,6.19,6.89,7.92,6.95,5.84,6.10,23.29,17.74,23.74,16.64,5.91,4.23,6.09,7.84,7.84,7.84,3.58,4.72,7.25,29.56,4.79,3.56,8.52,4.99,12.31,1.45,1.78,9.78,8.29,8.81,12.00,17.80,2.31,14.68,4.66,3.27,3.50,4.92,9.41,15.23,9.12,15.73,9.88,28.72,13.54,17.47,8.05,20.58,41.02,23.53,52.97
29,35.39,14.48,13.14,13.52,12.80,12.71,14.79,10.12,11.91,10.52,8.62,10.14,11.57,9.11,13.43,15.42,24.99,10.43,9.16,26.13,11.07,19.07,3.83,10.81,6.76,5.15,9.72,11.88,0.00,4.58,3.56,4.77,4.87,1.87,18.37,11.89,3.93,7.85,11.43,7.07,31.85,18.14,18.35,17.37,16.59,16.16,15.89,14.52,14.66,13.67,13.45,17.82,12.92,12.86,12.34,13.77,11.59,12.33,14.53,10.56,10.63,12.85,17.65,11.12,14.32,14.34,12.01,11.13,12.46,14.85,9.72,12.39,8.51,25.55,10.14,9.10,14.74,13.05,10.33,12.59,14.43,10.68,17.24,11.69,17.70,10.22,8.89,12.93,8.88,7.27,7.27,7.27,11.77,10.90,8.27,23.52,9.08,10.88,6.99,7.57,2.69,13.15,11.73,3.67,4.23,20.51,1.47,6.55,11.15,3.43,8.24,14.97,15.20,16.62,5.38,3.99,8.66,4.49,7.57,17.47,25.24,8.62,11.02,10.36,29.77,19.72,41.72
30,34.26,13.35,12.01,12.40,11.67,11.58,11.50,8.88,8.62,9.39,7.49,8.54,8.28,6.20,10.14,12.13,20.58,7.14,5.87,21.72,6.81,14.67,3.53,7.06,3.01,1.86,5.75,7.47,3.62,0.00,1.97,0.36,0.46,5.49,13.96,7.49,5.20,11.47,15.05,7.63,35.46,17.01,17.22,16.25,15.46,15.03,14.76,13.39,13.53,12.54,12.32,18.54,11.79,11.74,11.21,12.64,12.32,11.20,13.66,11.26,11.35,9.55,14.36,9.99,11.02,11.05,9.26,10.00,9.17,11.56,8.60,9.10,7.38,21.14,8.53,7.84,11.44,9.76,7.04,9.30,11.14,7.39,17.06,11.51,17.51,10.41,5.60,9.18,5.59,3.98,3.98,3.98,8.02,7.61,4.98,23.33,5.33,7.13,3.70,3.82,4.68,8.74,7.98,2.15,1.14,16.10,4.37,10.16,6.74,7.05,4.10,10.56,10.79,12.21,2.70,7.60,4.25,8.10,3.40,21.08,20.83,12.24,8.80,13.98,33.39,16.54,45.34
31,33.71,12.81,11.47,11.85,11.12,11.03,13.07,8.45,10.18,8.84,6.95,8.24,9.85,7.44,11.70,13.70,22.93,8.71,7.44,24.07,9.34,17.02,2.98,9.09,5.04,3.43,8.10,9.82,1.77,2.86,0.00,3.05,3.14,3.64,16.31,9.84,5.70,9.62,13.20,8.82,33.61,16.47,16.67,15.70,14.91,14.48,14.22,12.85,12.99,11.99,11.77,17.99,11.25,11.19,10.66,12.10,11.77,10.65,13.12,10.71,10.80,11.12,15.93,9.44,12.59,12.62,10.33,9.46,10.74,13.13,8.05,10.67,6.84,23.49,8.23,7.42,13.01,11.33,8.61,10.87,12.71,8.96,16.76,11.21,17.21,11.98,7.17,11.21,7.16,5.55,5.55,5.55,10.05,9.18,6.55,23.03,7.36,9.16,5.26,5.85,2.83,11.10,10.01,1.95,2.51,18.45,2.52,8.32,9.09,5.20,6.51,12.92,13.14,14.56,3.37,5.75,6.60,6.25,5.56,19.23,23.18,10.39,9.01,12.13,31.54,17.72,43.49
32,34.45,13.54,12.20,12.59,11.86,11.77,11.69,9.07,8.80,9.58,7.68,8.73,8.47,6.39,10.32,11.87,20.24,7.33,6.06,21.39,6.80,14.33,3.72,7.05,3.00,2.18,5.41,7.14,3.80,0.36,2.33,0.00,0.10,5.68,13.63,7.15,5.39,11.66,15.24,7.81,35.65,17.20,17.41,16.44,15.65,15.22,14.95,13.58,13.72,12.73,12.51,18.73,11.98,11.92,11.40,12.83,12.51,11.39,13.85,11.45,11.54,9.74,14.55,10.18,11.21,11.24,9.45,10.19,9.36,11.75,8.79,9.29,7.57,20.80,8.72,8.03,11.63,9.95,7.23,9.49,11.33,7.58,17.25,11.70,17.70,10.60,5.79,9.18,5.78,4.17,4.17,4.17,8.01,7.80,5.17,23.52,5.32,7.13,3.88,3.82,4.87,8.41,8.74,2.34,1.33,15.76,4.56,10.35,6.40,7.24,3.77,10.23,10.45,11.87,2.43,7.79,3.91,8.29,3.16,21.27,20.49,12.43,8.46,14.17,33.58,16.73,45.53
33,34.55,13.64,12.30,12.68,11.95,11.87,11.78,9.17,8.90,9.67,7.78,8.82,8.57,6.48,10.42,11.82,20.20,7.42,6.15,21.34,6.90,14.29,3.81,7.15,3.10,2.27,5.37,7.09,3.90,0.46,2.69,0.10,0.00,5.77,13.58,7.10,5.09,11.75,15.33,7.51,35.75,17.30,17.51,16.53,15.75,15.31,15.05,13.68,13.82,12.82,12.60,18.82,12.08,12.02,11.50,12.93,12.60,11.49,13.95,11.54,11.63,9.84,14.64,10.27,11.31,11.34,9.55,10.29,9.45,11.84,8.88,9.38,7.67,20.76,8.81,8.12,11.73,10.04,7.32,9.58,11.42,7.67,17.35,11.79,17.80,10.69,5.89,9.27,5.87,4.26,4.26,4.26,8.11,7.90,5.26,23.62,5.42,7.22,3.98,3.91,4.96,8.36,8.70,2.43,1.43,15.72,4.65,10.45,6.36,7.33,3.72,10.18,10.41,11.83,2.13,7.89,3.87,8.39,3.11,21.37,20.45,12.52,8.42,14.26,33.67,16.43,45.62
34,35.74,14.83,13.49,13.87,13.15,13.06,15.14,10.47,12.26,10.86,8.97,9.37,11.92,9.46,13.78,15.77,25.34,10.78,9.51,26.48,11.41,19.42,4.18,11.16,7.11,5.50,10.07,12.23,1.64,4.93,3.91,5.12,5.21,0.00,18.72,12.24,5.57,7.08,10.66,8.71,31.08,18.49,18.70,17.72,16.94,16.51,16.24,14.87,15.01,14.02,13.80,18.17,13.27,13.21,12.69,14.12,11.94,12.68,13.76,10.91,10.97,13.20,18.00,11.47,14.67,14.69,12.36,11.48,12.81,15.20,10.07,12.74,8.86,25.89,9.37,9.45,15.08,13.40,10.68,12.94,14.78,11.03,16.47,10.92,16.93,9.45,9.24,13.28,9.23,7.62,7.62,7.62,12.12,11.25,8.62,22.75,9.43,11.23,7.34,7.92,3.04,13.50,12.08,4.02,4.58,20.86,1.82,5.78,11.50,4.27,8.59,15.32,15.55,16.97,5.73,3.22,9.01,3.72,7.92,16.70,25.59,7.85,11.37,9.59,29.00,20.07,40.95
35,41.84,20.93,15.99,15.59,14.55,19.16,10.60,15.88,13.88,17.63,15.66,21.63,11.30,14.89,9.63,8.01,8.26,11.77,12.33,9.41,11.89,4.53,17.02,7.50,11.87,12.99,9.34,7.01,17.11,14.19,16.72,14.21,14.31,18.98,0.00,8.60,20.51,24.96,28.54,17.65,48.96,24.59,24.80,17.66,16.88,19.51,19.86,14.81,14.95,20.11,19.90,29.36,15.61,19.31,17.36,20.22,21.84,18.78,23.19,18.83,21.28,12.98,12.62,16.19,11.38,11.41,14.76,17.58,13.59,9.26,16.17,11.33,15.70,10.99,21.62,14.84,8.39,10.05,14.34,10.48,9.44,11.73,29.15,23.60,29.61,22.50,11.73,9.37,11.91,13.71,13.71,13.71,9.32,9.99,13.11,35.42,10.65,8.71,14.39,10.86,18.17,6.60,7.06,15.64,14.15,2.53,17.86,23.66,8.56,20.54,10.90,4.05,3.61,2.72,15.66,21.10,15.37,21.60,16.12,34.58,8.85,23.71,14.30,26.82,46.88,23.35,58.83
36,35.48,14.57,13.20,11.83,10.79,12.80,10.36,9.52,8.69,11.27,9.30,15.27,7.48,8.28,7.97,6.87,15.25,6.17,6.82,16.39,5.43,9.33,10.81,3.95,5.65,6.77,3.18,1.96,10.89,7.97,8.91,7.10,7.18,12.77,8.63,0.00,12.23,18.74,22.33,9.37,42.74,18.23,18.44,13.89,13.11,16.24,15.98,11.04,11.18,13.75,13.54,23.00,11.85,12.95,12.40,13.86,15.48,12.42,16.83,12.47,13.78,9.22,11.35,9.83,9.49,8.83,9.90,11.22,9.24,9.02,9.81,7.57,9.34,15.80,15.26,8.48,8.14,8.85,7.95,6.99,7.80,6.85,22.93,17.38,23.38,16.28,5.94,6.18,6.13,7.48,7.48,7.48,5.29,5.47,7.28,29.20,4.82,4.34,7.83,5.03,11.96,3.41,3.74,9.43,7.93,10.76,11.65,17.44,2.02,14.33,3.59,5.23,5.46,6.88,8.35,14.88,7.08,15.38,7.84,28.36,15.49,15.43,6.01,18.54,40.67,21.49,52.62
37,37.15,16.24,14.90,15.28,14.55,14.47,16.50,11.88,13.62,12.27,10.38,12.00,13.28,10.87,15.14,16.12,24.50,12.14,10.87,25.64,11.60,18.58,6.41,11.85,7.80,6.86,9.66,12.36,5.14,5.03,4.76,4.98,4.93,5.73,17.88,11.35,0.00,11.70,15.28,3.13,35.70,19.90,20.11,19.13,18.35,17.91,17.65,16.28,16.42,15.42,15.20,21.42,14.68,14.62,14.10,15.53,15.20,14.09,16.55,14.14,14.23,14.56,19.36,12.87,16.03,16.05,13.77,12.89,14.17,16.56,11.48,14.10,10.27,25.05,11.99,10.86,16.44,14.76,12.04,14.30,16.14,12.39,21.10,15.54,21.55,14.07,10.60,13.98,10.59,8.98,8.98,8.98,12.81,12.61,9.98,27.37,10.12,11.93,8.70,8.62,6.54,12.66,12.99,5.38,5.94,20.01,5.33,10.40,10.65,7.28,8.02,14.48,14.71,16.13,4.91,7.84,5.97,8.34,4.99,21.32,24.75,9.73,7.42,14.22,33.63,14.49,45.58
38,38.83,17.92,20.07,20.45,19.72,17.04,21.72,17.05,18.83,15.61,15.55,11.96,18.50,16.04,20.35,22.35,31.92,17.36,16.09,33.06,17.99,26.00,10.76,17.74,13.69,12.08,16.65,18.81,8.22,11.51,10.49,11.70,11.79,6.58,25.30,18.82,12.15,0.00,4.41,14.64,24.82,22.09,22.30,24.30,23.52,20.11,19.84,21.45,21.59,17.62,16.89,14.86,19.85,16.30,19.27,17.21,16.50,16.28,16.35,15.46,15.53,19.77,24.58,18.04,21.24,21.27,18.94,15.75,19.39,21.78,16.65,19.32,15.44,32.47,11.97,16.03,21.66,19.98,17.26,19.52,21.36,17.61,12.82,13.51,13.28,12.04,15.82,19.86,15.81,14.20,14.20,14.20,18.70,17.83,15.20,17.30,16.01,17.81,13.91,14.50,9.11,20.08,18.66,10.60,11.16,27.43,8.40,6.59,18.07,6.86,15.16,21.90,22.13,23.55,12.31,4.50,15.58,6.41,14.50,10.44,32.17,5.37,18.39,5.19,22.75,26.65,34.70
39,29.07,21.60,23.75,24.13,23.41,20.72,25.40,20.73,22.52,19.29,19.23,15.64,22.18,19.72,24.04,26.03,35.60,21.04,19.77,36.74,21.67,29.68,14.44,21.42,17.37,15.76,20.33,22.49,11.90,15.19,14.17,15.38,15.47,10.26,28.98,22.50,15.83,4.52,0.00,18.32,20.46,25.77,25.98,27.98,27.20,23.79,23.52,25.13,25.27,21.30,20.57,18.54,23.53,19.98,22.95,20.89,20.18,19.96,20.03,19.14,19.21,23.46,28.26,21.73,24.93,24.95,22.62,19.43,23.07,25.46,20.33,23.00,19.12,36.15,15.65,19.71,25.34,23.66,20.94,23.20,25.04,21.29,14.79,17.19,14.91,15.72,19.50,23.54,19.49,17.88,17.88,17.88,22.38,21.51,18.88,14.92,19.69,21.49,17.60,18.18,12.79,23.76,22.34,14.28,14.84,31.12,12.08,10.27,21.76,10.54,18.85,25.58,25.81,27.23,15.99,8.18,19.27,10.09,18.18,6.09,35.85,9.05,22.07,4.33,18.39,30.33,30.34
40,40.02,19.12,17.78,18.16,17.43,17.34,19.57,14.76,17.01,15.15,13.26,14.88,16.68,13.75,17.18,16.08,24.46,15.54,14.26,25.60,14.64,18.54,9.29,12.97,10.68,9.74,12.06,11.17,9.35,7.91,7.63,7.85,7.81,11.22,17.84,10.15,3.13,13.86,17.44,0.00,37.86,22.78,22.98,22.01,21.22,20.79,20.53,19.16,19.30,18.30,18.08,24.30,17.55,17.50,16.97,18.41,18.08,16.96,19.43,17.02,17.11,17.95,20.56,15.75,19.42,19.45,16.64,15.77,17.56,18.23,14.36,17.50,13.15,25.01,14.87,13.73,17.36,18.16,15.43,17.70,17.01,15.78,24.28,18.73,24.74,17.26,14.00,15.39,14.70,12.37,12.37,12.37,14.50,14.68,13.37,28.51,13.00,13.56,12.09,11.49,10.41,12.62,12.95,8.26,8.82,19.97,10.10,13.59,11.24,12.08,10.42,14.44,14.67,16.09,7.79,10.00,6.79,8.49,5.80,23.48,24.71,6.87,4.57,9.98,35.78,14.77,47.73
41,27.69,42.07,44.21,44.60,43.87,41.18,45.86,41.19,42.98,39.75,39.69,36.10,42.64,40.18,44.50,46.49,56.06,41.50,40.23,57.20,42.14,50.15,34.90,41.88,37.83,36.23,40.80,42.95,32.36,35.65,34.64,35.84,35.94,30.72,49.45,42.97,36.29,24.99,21.03,38.78,0.00,46.24,46.44,48.45,47.66,44.25,43.99,45.59,45.73,41.76,41.03,38.34,43.99,40.45,43.41,41.36,40.64,40.42,40.50,39.60,39.67,43.92,48.72,42.19,45.39,45.42,43.08,39.89,43.53,45.92,40.80,43.46,39.58,56.62,36.11,40.17,45.81,44.12,41.40,43.66,45.50,41.75,27.62,37.66,27.74,36.19,39.97,44.01,39.95,38.34,38.34,38.34,42.84,41.98,39.34,20.61,40.15,41.95,38.06,38.65,33.26,44.23,42.80,34.74,35.31,51.58,32.55,30.73,42.22,31.00,39.31,46.05,46.27,47.69,36.45,28.65,39.73,30.55,38.64,16.08,56.31,29.52,42.53,24.79,3.72,50.80,13.23
42,27.47,6.12,7.97,10.10,9.38,7.15,13.81,8.52,10.20,9.44,10.05,10.19,13.82,11.42,15.68,17.67,25.07,13.83,12.84,26.21,14.46,22.85,14.93,16.70,15.84,15.78,16.07,17.94,17.47,17.02,17.08,17.21,17.30,19.34,24.75,18.22,20.84,22.18,25.76,23.27,46.18,0.00,0.21,10.57,10.64,5.20,4.96,11.10,11.24,4.69,5.78,15.00,8.15,5.43,7.45,6.53,7.48,5.33,8.82,7.40,8.32,9.80,16.89,7.82,12.55,12.62,8.85,8.49,10.05,17.10,10.57,14.64,10.09,24.65,10.18,10.87,16.99,15.30,12.58,14.84,16.68,14.07,22.22,14.17,22.68,13.01,12.83,17.47,13.64,13.55,13.55,13.55,15.71,14.30,14.51,28.50,15.29,16.12,15.23,15.83,15.01,17.95,18.00,15.33,15.75,23.43,15.79,16.91,17.20,16.72,16.54,21.03,21.26,22.68,17.82,18.31,19.03,18.82,20.44,31.80,31.29,22.95,23.58,24.69,44.10,32.16,56.05
43,27.68,6.33,8.18,10.31,9.58,7.36,14.02,8.73,10.41,9.65,10.26,10.40,14.03,11.63,15.89,17.88,25.27,14.03,13.05,26.42,14.67,23.05,15.14,16.91,16.05,15.99,16.28,18.15,17.68,17.23,17.29,17.42,17.51,19.55,24.96,18.43,21.05,22.39,25.97,23.48,46.38,0.21,0.00,10.78,10.85,5.41,5.17,11.31,11.45,4.90,5.98,15.20,8.36,5.64,7.66,6.74,7.68,5.53,9.03,7.61,8.53,10.01,17.10,8.03,12.75,12.83,9.06,8.70,10.26,17.31,10.78,14.85,10.30,24.86,10.39,11.08,17.19,15.51,12.79,15.05,16.89,14.28,22.43,14.38,22.89,13.22,13.04,17.68,13.85,13.76,13.76,13.76,15.92,14.51,14.72,28.71,15.50,16.33,15.44,16.04,15.22,18.16,18.21,15.54,15.96,23.64,16.00,17.12,17.41,16.93,16.75,21.24,21.46,22.88,18.02,18.52,19.23,19.02,20.65,32.01,31.50,23.16,23.79,24.90,44.31,32.37,56.26
44,31.99,10.70,5.05,5.54,5.42,8.74,7.16,8.49,6.99,11.03,9.96,11.78,7.82,11.41,8.15,9.92,18.05,9.56,10.43,19.19,9.46,15.11,14.67,11.04,14.17,14.12,12.28,14.44,17.20,15.59,16.82,15.90,16.00,19.08,17.02,14.43,20.58,23.77,27.35,23.78,47.76,10.58,10.79,0.00,1.55,5.39,5.73,3.05,3.19,6.76,9.11,19.51,6.63,8.56,6.19,10.37,12.05,8.10,13.40,8.98,11.43,6.29,9.88,8.31,5.89,5.97,8.18,10.08,6.81,8.87,10.48,6.47,10.00,17.63,11.77,10.58,9.24,7.56,10.85,8.07,8.57,8.50,23.81,18.26,24.27,15.51,10.41,9.73,11.30,12.06,12.06,12.06,9.88,10.50,12.61,30.09,11.58,10.58,13.58,14.15,16.60,11.46,11.52,15.07,14.95,15.70,16.99,18.50,12.77,18.31,14.87,15.66,15.89,17.31,17.55,19.90,17.37,20.40,18.79,33.38,24.52,24.54,21.92,26.28,45.69,31.90,57.64
45,32.63,11.34,4.83,4.34,4.22,9.38,5.96,7.29,5.79,11.67,8.77,12.42,6.62,10.21,6.95,8.72,16.85,8.36,9.23,18.00,8.26,13.91,13.47,9.84,12.97,12.93,11.08,13.24,16.01,14.39,15.62,14.70,14.80,17.88,15.82,13.23,19.38,23.86,27.44,22.58,47.85,11.23,11.43,2.13,0.00,6.03,6.38,1.85,1.99,7.40,9.75,20.15,5.43,9.21,6.11,11.01,12.69,8.75,14.04,9.63,12.07,5.09,8.68,7.11,4.69,4.77,6.98,10.72,5.61,7.67,9.28,5.28,8.81,16.44,12.41,9.38,8.04,6.36,9.65,6.87,7.37,7.30,24.30,18.75,24.75,16.16,9.21,8.53,10.10,10.86,10.86,10.86,8.68,9.31,11.41,30.57,10.38,9.38,12.38,12.96,15.88,10.27,10.32,13.87,13.75,14.50,15.79,19.14,11.57,18.95,13.67,14.46,14.69,16.11,16.35,19.99,16.17,20.49,17.59,33.47,23.32,24.63,20.72,26.37,45.78,30.70,57.73
46,26.68,5.33,2.79,3.95,4.07,5.14,11.06,6.21,6.53,7.43,8.04,8.18,11.81,9.40,12.05,13.83,21.96,11.81,10.82,23.10,12.45,19.01,12.92,14.68,13.82,13.77,14.06,15.92,15.45,15.00,15.06,15.19,15.29,17.33,20.92,16.20,18.83,20.16,23.74,21.25,44.16,5.21,5.42,5.39,5.46,0.00,0.35,6.96,7.09,2.66,3.90,14.20,2.97,3.40,2.76,5.73,6.68,3.29,8.03,5.38,7.52,5.83,13.78,5.51,9.80,9.87,5.46,6.48,6.35,12.77,8.55,10.38,8.08,21.54,8.17,8.85,13.15,11.46,10.56,11.97,12.47,12.06,20.21,13.38,20.66,12.22,10.81,13.63,11.62,11.54,11.54,11.54,13.69,12.28,12.50,26.48,13.28,14.10,13.22,13.81,13.00,15.37,15.42,13.32,13.73,19.60,13.78,14.89,15.19,14.70,14.52,19.01,19.24,20.66,15.80,16.30,17.01,16.80,18.43,29.78,28.42,20.94,21.56,22.68,42.08,30.14,54.03
47,26.44,5.09,3.13,4.29,4.42,4.88,11.41,6.25,6.87,7.18,7.79,7.92,11.55,9.15,12.40,14.17,22.30,11.56,10.57,23.44,12.19,19.36,12.67,14.43,13.57,13.51,13.80,15.67,15.20,14.75,14.81,14.94,15.04,17.07,21.27,15.95,18.57,19.91,23.49,21.00,43.91,4.98,5.19,5.73,5.80,0.35,0.00,7.30,7.44,2.42,3.67,13.96,3.32,3.16,3.10,5.50,6.44,3.06,7.79,5.13,7.28,6.18,14.13,5.55,10.14,10.22,6.58,6.23,6.70,13.12,8.30,10.72,7.83,21.88,7.92,8.60,13.49,11.81,10.31,12.57,12.82,11.80,19.96,13.14,20.41,11.98,10.56,13.98,11.37,11.29,11.29,11.29,13.44,12.03,12.24,26.23,13.02,13.85,12.97,13.56,12.74,15.69,15.74,13.06,13.48,19.95,13.52,14.64,14.93,14.45,14.27,18.76,18.99,20.41,15.55,16.05,16.76,16.55,18.18,29.53,28.77,20.68,21.31,22.42,41.83,29.89,53.78
48,33.23,12.26,4.54,2.63,2.50,10.30,4.24,5.57,4.07,9.02,7.05,13.02,4.90,8.50,5.24,7.01,15.14,6.65,7.51,16.28,6.55,12.20,11.76,8.13,11.25,11.21,9.36,11.53,14.29,12.67,13.90,12.99,13.08,16.16,14.10,11.51,17.66,22.14,25.72,20.86,46.14,12.15,12.35,3.05,2.26,6.95,7.30,0.00,0.33,8.32,11.28,20.75,3.71,10.12,4.39,11.61,13.23,9.67,14.57,10.22,12.67,3.38,6.96,5.40,2.98,3.06,5.27,8.97,3.90,5.95,7.56,3.56,7.09,14.72,13.01,7.67,6.33,4.64,7.94,5.15,5.66,5.58,22.58,17.03,23.04,15.93,7.50,6.81,8.38,9.15,9.15,9.15,6.97,7.59,9.70,28.85,8.66,7.67,10.66,11.24,14.16,8.55,8.60,12.15,12.04,12.78,14.08,17.67,9.86,17.48,11.95,12.75,12.97,14.39,14.64,18.28,14.45,18.78,15.87,31.76,21.60,22.91,19.01,24.65,44.06,28.98,56.01
49,33.63,12.34,4.73,2.82,2.69,10.38,4.44,5.77,4.26,9.21,7.24,13.42,5.10,8.69,5.43,7.20,15.33,6.84,7.70,16.47,6.74,12.39,11.95,8.32,11.45,11.40,9.56,11.72,14.48,12.86,14.09,13.18,13.28,16.36,14.30,11.70,17.86,22.33,25.91,21.06,46.33,12.23,12.44,3.13,2.34,7.03,7.38,0.33,0.00,8.41,10.76,21.16,3.90,10.21,4.58,12.02,13.69,9.75,15.04,10.63,13.07,3.57,7.16,5.59,3.17,3.25,5.46,9.16,4.09,6.15,7.75,3.75,7.28,14.91,13.41,7.86,6.52,4.83,8.13,5.34,5.85,5.78,22.77,17.22,23.23,16.12,7.69,7.00,8.58,9.34,9.34,9.34,7.16,7.78,9.89,29.04,8.86,7.86,10.86,11.43,14.35,8.74,8.79,12.35,12.23,12.97,14.27,17.87,10.05,17.67,12.15,12.94,13.17,14.59,14.83,18.47,14.65,18.97,16.07,31.95,21.80,23.11,19.20,24.85,44.25,29.17,56.21
50,25.81,4.46,4.27,6.40,5.67,3.45,10.11,4.82,6.50,5.74,6.35,6.49,10.12,7.72,11.97,13.96,21.36,10.12,9.14,22.50,10.76,19.14,11.23,12.99,12.14,12.08,12.37,14.23,13.76,13.31,13.38,13.50,13.60,15.64,21.05,14.52,17.14,18.47,22.06,19.56,42.47,4.35,4.56,6.87,6.93,2.34,2.10,7.40,7.54,0.00,3.04,13.34,4.45,2.53,3.74,4.87,5.82,2.81,7.16,3.69,6.66,6.10,13.19,4.11,8.84,8.92,5.14,4.79,6.34,13.40,6.86,10.94,6.39,20.94,6.48,7.17,13.28,11.60,8.88,11.14,12.98,10.37,18.52,12.51,18.98,11.35,9.12,13.77,9.93,9.85,9.85,9.85,12.00,10.59,10.81,24.80,11.59,12.42,11.53,12.12,11.31,14.25,14.30,11.63,12.04,19.73,12.09,13.21,13.50,13.02,12.84,17.32,17.55,18.97,14.11,14.61,15.32,15.11,16.74,28.09,27.59,19.25,19.87,20.99,40.40,28.46,52.35
51,22.89,1.99,7.28,9.50,8.77,3.20,12.25,6.12,9.37,4.53,5.27,4.85,9.04,6.63,10.89,12.88,23.13,9.04,8.06,24.27,9.68,18.06,10.15,11.91,11.06,11.00,11.29,13.15,12.68,12.23,12.30,12.42,12.52,13.61,19.97,13.44,16.06,16.84,20.42,18.48,40.83,5.97,6.18,9.88,9.95,6.27,4.04,10.49,10.63,3.78,0.00,10.42,8.89,1.09,8.31,1.28,2.90,1.34,4.24,1.40,2.15,10.31,15.12,7.09,11.78,11.81,8.01,3.71,9.92,12.32,5.78,9.86,5.31,24.04,4.84,6.08,12.20,10.52,7.79,10.06,11.90,9.29,16.88,9.60,17.34,8.43,8.04,12.69,8.85,8.77,8.77,8.77,10.92,9.51,9.73,23.16,10.51,11.34,10.45,11.04,9.67,13.17,13.22,10.55,10.96,18.65,10.45,11.57,12.42,11.38,11.76,16.24,16.47,17.89,13.03,12.97,14.24,13.48,15.66,26.46,26.51,17.61,18.79,19.35,38.76,27.38,50.71
52,20.52,8.75,15.36,18.84,18.12,12.55,21.60,15.47,18.72,10.23,14.62,10.55,18.39,13.40,20.24,22.23,32.48,18.39,14.89,33.62,19.02,27.41,15.07,21.26,17.11,17.05,18.07,22.50,16.73,16.81,16.34,17.00,17.10,17.64,29.32,22.78,21.19,14.59,18.18,23.62,35.55,13.20,13.41,17.96,18.03,12.59,12.35,19.84,19.98,12.08,10.23,0.00,18.24,10.94,17.66,9.70,6.04,11.23,7.93,10.75,7.43,19.66,24.46,16.44,21.13,21.16,17.36,10.37,19.27,21.67,12.01,19.21,14.66,33.39,10.54,15.43,21.55,19.86,17.14,19.41,21.25,18.64,10.88,8.19,11.33,9.99,17.39,22.04,15.32,14.83,14.83,14.83,20.27,18.86,15.80,16.11,16.58,20.68,16.51,17.10,15.37,22.52,22.57,15.68,16.10,28.00,16.15,13.40,21.77,15.41,17.81,25.59,25.82,27.24,18.17,16.42,20.30,17.50,21.72,23.83,35.86,17.29,24.85,17.11,33.47,32.52,45.42
53,29.52,8.22,0.53,1.00,1.12,6.27,5.55,3.38,3.94,6.83,4.86,9.31,5.25,6.03,6.54,8.32,16.81,6.33,6.62,17.95,7.31,13.51,9.57,9.44,10.47,10.41,9.85,12.84,12.10,11.65,11.71,11.84,11.94,13.97,15.41,12.00,15.47,19.95,23.53,17.90,43.95,8.11,8.32,5.69,4.91,2.92,3.26,2.84,2.98,4.29,6.64,17.04,0.00,6.09,0.93,7.90,9.58,5.63,10.92,6.51,8.96,3.25,8.63,3.21,4.29,4.36,3.08,6.78,3.77,7.26,5.37,4.87,4.90,16.39,9.30,5.48,7.64,5.95,6.18,6.46,6.96,5.90,20.39,14.84,20.85,13.04,6.60,8.12,7.41,8.19,8.19,8.19,8.28,8.07,9.14,26.66,9.92,8.98,9.87,10.46,11.97,9.86,9.91,9.97,10.38,14.09,11.89,15.48,10.98,15.29,11.17,14.06,14.28,15.70,12.45,16.09,13.66,16.59,15.08,29.57,23.27,20.73,18.21,22.46,41.87,26.79,53.82
54,23.66,2.75,5.94,8.91,8.18,1.78,11.67,5.53,8.78,4.05,4.68,4.37,8.45,6.05,10.30,12.30,22.54,8.45,7.47,23.68,9.09,17.47,9.56,11.32,10.47,10.41,10.70,12.56,12.09,11.64,11.71,11.83,11.93,13.13,19.38,12.85,15.47,16.36,19.94,17.89,40.36,5.36,5.57,8.54,8.61,3.35,3.11,9.90,10.04,2.45,0.77,11.18,6.13,0.00,7.72,2.04,3.66,0.46,5.01,1.58,2.92,9.72,14.53,6.50,11.19,11.22,7.42,3.12,9.34,11.73,5.19,9.27,4.72,23.45,4.37,5.50,11.61,9.93,7.21,9.47,11.31,8.70,16.41,10.36,16.86,8.11,7.46,12.10,8.26,8.18,8.18,8.18,10.33,8.93,9.14,22.68,9.92,10.75,9.86,10.45,9.19,12.58,12.63,9.96,10.37,18.06,9.97,11.09,11.83,10.90,11.17,15.66,15.88,17.30,12.44,12.50,13.65,13.00,15.07,25.98,25.92,17.13,18.20,18.87,38.28,26.79,50.23
55,29.28,7.99,1.18,2.51,1.79,6.03,6.22,3.58,4.24,6.50,4.53,9.07,5.54,5.70,7.21,8.99,17.48,6.62,7.12,18.62,8.74,14.17,9.24,10.98,10.15,10.09,10.35,12.22,11.77,11.32,11.39,11.51,11.61,13.65,16.08,12.50,15.15,19.62,23.21,17.57,43.62,7.88,8.09,6.36,5.58,2.68,3.03,3.51,3.65,4.06,6.41,16.81,0.92,5.86,0.00,7.66,9.34,5.40,10.69,6.28,8.72,3.54,9.30,2.88,4.96,5.03,3.36,6.45,4.06,7.93,5.05,5.54,4.57,17.06,9.06,5.15,8.31,6.62,6.86,7.13,7.63,6.20,20.07,14.51,20.52,12.81,7.11,8.79,7.92,7.86,7.86,7.86,8.94,8.58,8.82,26.33,9.60,10.40,9.54,10.13,11.65,10.53,10.58,9.64,10.05,14.76,11.56,15.16,11.48,14.97,10.85,14.73,14.95,16.37,12.12,15.76,13.33,16.26,14.75,29.24,23.94,20.40,17.88,22.14,41.55,26.47,53.50
56,22.36,1.46,7.59,9.80,9.07,3.51,12.56,6.43,9.68,4.84,5.58,5.16,9.35,6.94,11.20,13.19,23.44,9.35,8.36,24.58,9.98,18.37,10.46,12.22,11.36,11.30,11.60,13.46,12.99,12.54,12.60,12.73,12.83,13.92,20.28,13.74,16.36,17.14,20.73,18.79,41.14,7.33,7.54,10.18,10.25,6.58,6.49,10.80,10.94,4.09,1.19,9.89,9.20,1.90,8.62,0.00,2.37,2.19,3.71,1.71,1.93,10.62,15.42,7.39,12.09,12.12,8.32,4.02,10.23,12.62,6.09,10.16,5.62,24.35,5.15,6.39,12.51,10.82,8.10,10.36,12.20,9.60,17.19,9.07,17.64,7.90,8.35,12.99,9.16,9.08,9.08,9.08,11.23,9.82,10.03,23.47,10.81,11.64,10.76,11.35,9.98,13.48,13.53,10.86,11.27,18.95,10.76,11.88,12.72,11.69,12.06,16.55,16.78,18.20,13.34,13.28,14.55,13.78,15.97,26.76,26.82,17.92,19.10,19.66,39.07,27.68,51.02
57,23.11,1.83,9.33,11.92,11.19,5.62,14.68,8.55,11.80,4.19,6.86,4.51,11.46,7.37,13.31,15.31,25.55,11.46,8.85,26.70,12.10,20.48,9.04,13.12,11.08,11.02,12.04,14.36,10.69,10.78,10.31,10.97,11.06,13.27,22.39,14.64,15.16,16.50,20.08,17.59,40.50,7.16,7.37,11.93,12.00,6.56,6.32,12.91,13.05,6.04,3.15,6.77,9.51,3.86,8.80,1.86,0.00,4.04,1.90,3.56,1.39,12.73,17.54,9.51,14.20,14.23,10.43,4.33,12.35,14.74,5.97,12.28,6.75,26.46,4.51,8.51,14.62,12.94,10.22,12.48,14.32,11.71,14.40,7.25,14.85,6.09,10.47,15.11,9.29,8.79,8.79,8.79,13.34,11.94,9.77,20.67,10.55,13.19,10.47,11.06,9.34,15.59,14.04,9.65,10.07,21.07,10.12,11.23,13.62,11.04,11.78,17.45,17.68,19.10,12.13,12.64,14.26,13.14,15.68,26.12,27.72,17.28,18.81,19.02,38.42,26.48,50.37
58,24.15,3.24,5.49,8.45,7.72,1.32,11.21,5.08,8.32,3.62,4.22,3.94,7.99,5.59,9.84,11.84,22.08,7.99,7.01,23.22,8.63,17.01,9.10,10.86,10.01,9.95,10.24,12.10,11.64,11.19,11.25,11.38,11.47,12.70,18.92,12.39,15.01,15.93,19.51,17.43,39.92,6.46,6.67,8.08,8.15,4.48,3.06,9.44,9.58,1.99,1.01,11.67,5.67,0.46,7.26,2.53,4.15,0.00,5.50,1.14,3.59,9.26,14.07,6.04,10.73,10.76,6.96,2.66,8.88,11.27,4.73,8.81,4.26,22.99,3.93,5.04,11.15,9.47,6.75,9.01,10.85,8.24,15.97,10.42,16.43,7.67,7.00,11.64,7.81,7.72,7.72,7.72,9.87,8.47,8.68,22.25,9.46,10.29,9.40,9.99,8.76,12.12,12.17,9.50,9.92,17.60,9.54,10.66,11.37,10.47,10.71,15.20,15.42,16.84,11.98,12.06,13.19,12.56,14.61,25.54,25.46,16.70,17.74,18.44,37.85,26.33,49.80
59,24.49,3.20,10.70,13.29,12.57,7.00,16.05,9.92,13.17,5.57,8.24,5.13,12.84,8.74,14.69,16.68,26.93,12.84,10.23,28.07,13.47,21.86,10.41,14.50,12.45,12.40,13.41,15.74,12.07,12.15,11.68,12.34,12.44,12.88,23.77,16.02,16.54,16.11,19.69,18.96,40.11,8.54,8.75,13.30,13.37,7.93,7.70,14.29,14.43,7.42,4.53,7.86,10.89,5.23,10.18,3.23,1.63,5.42,0.00,4.94,2.77,14.11,18.91,10.89,15.58,15.61,11.81,5.71,13.72,16.12,7.35,13.66,8.12,27.84,5.14,9.88,16.00,14.31,11.59,13.86,15.70,13.09,13.54,6.40,14.00,5.24,11.84,16.49,10.66,10.17,10.17,10.17,14.72,13.31,11.14,19.82,11.92,14.57,11.85,12.44,10.71,16.97,15.42,11.03,11.44,22.45,11.49,10.84,15.00,10.65,13.15,18.83,19.05,20.47,13.51,12.25,15.64,12.75,17.06,25.73,29.09,16.88,20.19,18.62,38.03,27.86,49.98
60,23.44,2.53,6.52,8.74,8.01,2.44,11.49,5.36,8.61,3.18,4.51,3.50,8.28,5.88,10.13,12.12,22.37,8.28,7.30,23.51,8.92,17.30,9.39,11.15,10.30,10.24,10.53,12.39,11.92,11.47,11.54,11.66,11.76,12.26,19.21,12.68,15.30,15.49,19.07,17.72,39.49,7.50,7.71,9.12,9.19,5.51,5.25,9.73,9.87,3.02,1.49,10.96,8.13,1.08,7.55,1.82,3.44,0.96,4.79,0.00,2.69,9.55,14.36,6.33,11.02,11.05,7.25,2.95,9.16,11.56,5.02,9.10,4.55,23.28,3.49,5.33,11.44,9.76,7.04,9.30,11.14,8.53,15.54,10.14,15.99,7.24,7.28,11.93,8.09,8.01,8.01,8.01,10.16,8.75,8.97,21.81,9.75,10.58,9.69,10.28,8.32,12.41,12.46,9.79,10.20,17.89,9.10,10.22,11.66,10.03,11.00,15.49,15.71,17.13,12.27,11.62,13.48,12.13,14.90,25.11,25.75,16.26,18.03,18.00,37.41,26.62,49.36
61,24.31,3.02,8.75,10.97,10.24,4.68,13.73,7.60,10.85,3.25,5.91,3.57,10.51,6.42,12.37,14.36,24.61,10.52,7.91,25.75,11.15,19.54,8.09,12.17,10.13,10.07,11.09,13.41,9.75,9.83,9.36,10.02,10.12,12.33,21.45,13.70,14.21,15.56,19.14,16.64,39.55,8.36,8.57,11.35,11.42,7.75,7.49,11.97,12.11,5.26,2.24,7.68,10.37,3.95,9.79,1.79,1.45,3.92,2.80,3.10,0.00,11.79,16.59,8.56,13.26,13.29,9.49,3.39,11.40,13.79,5.03,11.33,5.80,25.52,3.56,7.56,13.68,11.99,9.27,11.53,13.37,10.77,15.60,8.15,16.06,6.99,9.52,14.16,8.34,7.85,7.85,7.85,12.40,10.99,8.82,21.88,9.60,12.25,9.53,10.12,8.39,14.65,13.10,8.71,9.12,20.12,9.17,10.29,12.68,10.10,10.83,16.51,16.73,18.15,11.19,11.69,13.32,12.19,14.74,25.18,26.77,16.33,17.87,18.07,37.48,25.54,49.43
62,32.48,11.57,3.79,3.75,2.12,9.80,4.32,2.88,1.32,8.27,6.30,12.27,2.63,5.54,4.28,6.47,16.73,3.70,4.55,17.87,4.69,11.66,10.34,6.56,8.29,8.25,7.78,10.58,12.04,9.71,11.65,10.03,10.12,13.91,13.57,9.93,16.23,19.89,23.47,17.91,43.89,9.75,9.96,6.67,5.88,5.80,6.15,3.82,3.95,5.93,10.54,20.00,3.23,9.96,3.64,10.86,12.48,9.42,13.83,9.48,11.92,0.00,7.49,2.57,3.06,3.19,1.77,8.22,1.14,5.91,6.82,2.00,6.35,17.37,12.26,5.48,5.79,4.11,3.48,3.59,5.29,3.28,21.63,16.08,22.08,14.98,4.54,5.86,5.43,6.19,6.19,6.19,5.40,6.01,6.74,27.90,7.52,6.10,7.70,8.28,12.00,7.60,7.65,10.11,9.08,12.24,11.71,16.72,8.91,16.53,9.00,11.80,12.02,13.44,12.39,16.03,11.50,16.53,12.91,29.51,22.06,20.66,16.05,22.40,41.81,26.83,53.76
63,37.96,17.06,9.27,7.36,7.99,15.28,3.66,10.31,7.97,13.76,11.79,17.75,6.70,10.29,5.37,5.16,9.59,8.44,9.30,10.73,8.32,8.31,15.09,9.13,13.05,13.00,10.60,9.71,16.79,14.46,16.40,14.78,14.88,18.67,11.24,11.30,20.98,24.64,28.22,20.36,48.64,16.62,16.83,9.43,8.65,11.28,11.63,6.58,6.72,12.80,16.02,25.49,8.45,15.44,9.13,16.35,17.97,14.14,19.31,14.96,17.40,7.28,0.00,10.13,4.56,4.94,10.00,13.70,7.80,2.91,12.30,6.11,11.83,9.17,17.74,10.24,4.45,5.45,9.73,5.88,5.18,7.31,26.38,20.83,26.84,19.73,9.29,6.22,10.18,10.94,10.94,10.94,7.53,9.36,11.49,32.65,10.44,8.89,12.46,13.03,18.90,8.59,9.11,16.89,13.83,10.71,16.46,21.47,11.26,21.28,13.75,10.93,11.16,12.58,17.14,20.78,16.25,21.28,17.67,34.26,16.05,25.42,17.00,27.16,46.57,31.58,58.52
64,28.46,7.55,3.34,3.73,2.84,5.78,6.89,0.70,2.97,4.25,2.28,8.25,4.74,3.21,6.60,8.59,18.84,4.92,3.93,19.98,5.55,13.77,6.99,7.79,7.89,7.84,7.17,9.03,9.52,9.07,9.13,9.26,9.36,11.40,15.68,9.31,12.90,17.37,20.95,15.32,41.37,8.59,8.80,7.58,6.79,5.35,5.70,4.72,4.86,4.77,6.52,15.98,3.07,5.93,3.45,6.84,8.46,5.40,9.81,5.45,7.90,2.57,10.51,0.00,5.63,5.76,1.62,4.20,2.82,8.02,2.79,5.56,2.32,18.27,8.24,2.90,7.91,6.22,3.50,5.76,7.60,5.17,17.81,12.26,18.27,11.16,3.92,8.39,4.73,5.61,5.61,5.61,6.80,5.39,6.10,24.08,6.88,7.21,7.29,7.88,9.39,9.05,9.10,7.39,7.80,14.35,9.31,12.91,8.29,12.71,8.59,12.12,12.35,13.77,9.87,13.51,11.08,14.01,12.50,26.99,22.39,18.15,15.63,19.89,39.29,24.21,51.24
65,33.58,12.67,5.88,5.48,4.44,10.90,1.38,5.75,3.56,9.37,7.40,13.37,3.04,6.63,2.71,4.61,13.38,4.78,5.65,14.52,4.69,9.67,11.44,6.09,9.39,9.35,7.50,9.00,13.14,10.81,12.75,11.12,11.22,15.01,11.58,10.59,17.33,20.99,24.57,19.00,44.98,16.33,16.54,7.55,6.76,9.40,9.74,4.70,4.83,11.85,11.63,21.10,5.50,11.05,7.24,11.96,13.58,10.52,14.93,10.57,13.02,2.87,4.54,5.44,0.00,0.53,4.64,9.32,3.39,3.09,7.91,1.70,7.44,12.96,13.36,6.58,3.80,2.12,6.08,2.54,3.13,3.72,22.73,17.17,23.18,16.08,5.64,4.29,6.52,7.29,7.29,7.29,5.10,5.73,7.84,28.99,6.80,5.45,8.80,9.38,13.10,6.02,6.07,11.20,10.17,10.25,12.80,17.82,7.82,17.63,10.09,10.22,10.45,11.87,13.48,17.12,12.59,17.62,14.01,30.61,20.49,21.76,17.14,23.50,42.91,27.92,54.86
66,33.05,12.14,5.35,4.95,3.91,10.37,3.27,5.22,3.04,8.84,6.87,12.84,2.51,6.11,3.46,5.38,15.64,4.25,5.12,16.78,4.16,10.57,10.91,5.74,8.86,8.82,6.97,9.75,12.61,10.28,12.22,10.60,10.69,14.48,12.48,9.12,16.80,20.46,24.04,18.47,44.46,15.80,16.01,7.02,6.23,8.87,9.22,4.17,4.31,11.33,11.11,20.57,4.97,10.52,6.71,11.43,13.05,9.99,14.40,10.04,12.49,2.34,7.62,4.91,2.79,0.00,4.12,8.79,2.86,4.82,7.39,1.17,6.91,17.72,12.83,6.05,4.70,3.02,5.55,2.76,4.46,3.19,22.20,16.65,22.65,15.55,5.11,5.03,5.99,6.76,6.76,6.76,4.57,5.20,7.31,28.47,6.27,5.28,8.27,8.85,12.57,6.77,6.82,10.68,9.65,11.16,12.27,17.29,7.46,17.10,9.56,10.97,11.20,12.62,12.96,16.59,12.06,17.10,13.48,30.08,21.23,21.23,16.61,22.97,42.38,27.39,54.33
67,30.25,9.35,3.35,3.73,2.73,7.57,6.10,1.93,2.18,6.05,4.08,10.04,4.44,3.31,6.30,8.29,18.53,4.17,4.03,19.68,5.66,13.46,8.78,7.89,7.36,7.31,7.27,9.13,11.32,8.77,10.93,9.09,9.18,13.19,15.37,9.41,14.69,19.17,22.75,16.97,43.17,8.80,9.01,7.58,6.80,5.36,5.71,4.73,4.87,4.98,8.31,17.78,3.08,7.73,3.20,8.64,10.26,7.19,11.60,7.25,9.69,1.77,9.27,1.62,4.83,4.97,0.00,6.00,2.02,7.72,4.59,3.77,4.12,18.28,10.04,3.26,7.61,5.92,3.20,5.46,7.30,4.42,19.61,14.06,20.06,13.78,4.02,8.09,4.83,5.10,5.10,5.10,6.90,5.49,5.80,25.88,6.58,7.31,6.76,7.34,11.19,9.15,9.20,9.18,8.14,14.05,11.11,14.70,8.40,14.51,8.06,12.22,12.45,13.87,11.67,15.30,10.56,15.81,11.97,28.79,22.49,19.94,15.11,21.68,41.09,26.01,53.04
68,25.52,4.62,6.93,7.31,6.59,2.84,10.07,3.94,7.19,1.41,3.09,3.79,6.86,4.58,8.71,10.70,20.95,6.86,5.87,22.09,7.50,15.88,7.39,9.73,8.29,8.24,9.11,10.97,9.92,9.47,9.53,9.66,9.76,11.79,17.79,11.25,13.30,15.77,19.35,15.72,39.77,8.27,8.48,9.89,10.38,6.29,6.03,8.31,8.45,3.80,3.58,10.63,6.71,3.00,6.13,3.91,4.41,2.46,5.75,2.52,3.44,8.13,12.93,4.91,9.60,9.63,5.83,0.00,7.74,10.14,3.60,7.68,3.13,21.86,3.78,3.90,10.02,8.34,5.61,7.88,9.72,7.11,15.82,10.27,16.27,7.52,5.86,10.51,6.67,6.01,6.01,6.01,8.74,7.33,6.98,22.10,7.76,9.15,7.69,8.28,8.61,10.99,11.04,7.79,8.20,16.47,9.71,10.51,10.24,10.31,8.99,14.06,14.29,15.71,10.27,11.91,11.48,12.41,12.90,25.39,24.33,16.55,16.03,18.29,37.70,24.62,49.65
69,32.07,11.16,4.25,4.21,2.59,9.39,4.79,3.13,0.57,7.86,5.90,11.86,2.91,5.13,4.76,6.75,17.01,3.29,4.14,18.15,4.28,11.94,9.93,7.04,7.88,7.84,7.37,9.24,11.63,9.30,11.24,9.62,9.71,13.50,13.85,9.52,15.82,19.48,23.06,17.50,43.48,10.00,10.21,7.13,6.35,6.26,6.61,4.28,4.42,6.18,10.13,19.59,3.70,9.55,4.11,10.45,12.07,9.01,13.42,9.07,11.51,1.02,7.96,2.82,3.52,3.65,2.02,7.81,0.00,6.18,6.41,2.46,5.94,17.83,11.85,5.07,6.07,4.38,3.07,3.92,5.76,3.56,21.22,15.67,21.67,14.57,4.13,6.55,5.02,5.78,5.78,5.78,5.88,5.60,6.33,27.49,7.11,6.58,7.29,7.87,11.59,8.29,8.34,9.70,8.67,12.52,11.30,16.31,8.50,16.12,8.59,12.49,12.72,14.14,11.98,15.62,11.09,16.12,12.50,29.10,22.80,20.25,15.64,21.99,41.40,26.42,53.35
70,34.44,13.53,9.65,7.74,7.15,11.76,2.17,8.48,6.48,10.23,8.26,14.22,3.90,7.49,2.57,2.36,12.59,5.64,6.51,13.74,5.52,7.52,12.30,6.29,10.25,10.21,7.76,7.24,13.99,11.67,13.61,11.98,12.08,15.87,9.43,8.84,18.19,21.85,25.43,17.89,45.84,17.19,17.39,9.81,9.03,11.66,12.01,6.96,7.10,12.71,12.49,21.96,8.83,11.91,9.51,12.82,14.44,11.37,15.78,11.43,13.88,5.58,2.91,8.79,3.08,3.46,7.36,10.18,6.19,0.00,8.77,3.93,8.30,11.33,14.22,7.44,1.66,2.65,6.93,3.08,2.38,4.51,23.59,18.03,24.04,16.93,6.50,3.42,7.38,8.15,8.14,8.14,4.73,6.56,8.70,29.85,7.64,5.65,9.66,10.24,13.96,6.13,6.27,12.06,11.03,8.11,13.66,18.68,8.79,18.49,10.95,8.46,8.69,10.11,14.34,17.98,13.45,18.48,14.87,31.46,18.39,22.62,14.53,24.36,43.77,28.78,55.72
71,26.74,5.83,6.16,6.54,5.81,4.06,9.30,3.17,6.42,1.83,0.80,5.41,6.08,3.33,7.94,9.93,20.18,6.09,5.10,21.32,6.72,15.11,6.14,8.96,7.04,6.98,8.33,10.20,8.67,8.22,8.28,8.41,8.51,10.54,17.02,10.48,12.04,16.52,20.10,14.47,40.52,9.49,9.70,10.39,9.61,7.51,7.24,7.54,7.68,5.02,4.80,14.26,5.94,4.21,5.36,5.12,6.74,3.68,8.09,3.73,5.06,7.36,12.16,4.13,8.83,8.86,5.06,2.48,6.97,9.36,0.00,6.90,0.84,21.09,5.41,3.13,9.25,7.56,4.84,7.10,8.94,6.33,16.96,11.41,17.42,9.15,5.09,9.73,5.90,4.76,4.76,4.76,7.97,6.56,5.73,23.23,6.51,8.38,6.44,7.03,8.54,10.22,10.27,6.53,6.95,15.69,8.46,12.13,9.46,11.94,7.74,13.29,13.52,14.94,9.02,12.66,10.23,13.16,11.65,26.14,23.56,17.29,14.78,19.03,38.44,23.37,50.39
72,32.48,11.57,5.48,5.08,4.04,9.80,2.10,6.52,3.17,8.27,6.30,12.27,1.94,5.53,2.17,3.94,14.20,3.68,4.55,15.34,3.51,9.13,10.34,5.55,8.29,8.25,6.33,8.46,12.04,9.71,11.65,10.02,10.12,13.91,11.04,10.05,16.23,19.89,23.47,17.90,43.88,15.23,15.44,7.15,6.36,9.00,9.35,4.30,4.44,10.75,10.53,20.00,5.10,9.95,6.84,10.86,12.48,9.42,13.82,9.47,11.92,2.47,6.06,5.04,1.63,1.26,4.25,8.22,2.99,3.38,6.81,0.00,6.34,14.48,12.26,5.48,3.26,1.58,4.97,1.13,2.59,2.55,21.63,16.07,22.08,14.98,4.54,3.75,5.42,6.19,6.19,6.19,3.93,4.55,6.74,27.89,5.63,4.91,7.70,8.28,12.00,5.48,5.54,10.10,9.07,9.72,11.70,16.72,7.28,16.53,8.99,9.68,9.91,11.33,12.38,16.02,11.49,16.52,12.91,29.50,19.99,20.66,16.04,22.40,41.81,26.82,53.76
73,26.91,6.00,5.08,5.46,4.73,4.23,8.19,2.05,5.31,2.07,0.17,6.69,4.97,2.22,6.83,8.82,19.06,4.97,3.99,20.21,5.61,13.99,5.85,7.84,6.76,6.70,7.22,9.08,8.39,7.94,8.00,8.13,8.22,10.26,15.90,9.37,11.76,16.24,19.82,14.19,40.24,9.66,9.86,9.31,8.52,7.67,7.41,6.45,6.59,5.18,4.96,14.43,4.85,4.38,4.27,5.29,6.91,3.84,8.25,3.90,6.35,6.24,12.25,3.05,7.71,7.74,3.94,2.65,5.86,8.25,0.81,5.79,0.00,20.00,6.69,2.02,8.13,6.45,3.73,5.99,7.83,5.22,16.68,11.13,17.13,10.43,3.98,8.62,4.79,4.48,4.48,4.48,6.86,5.45,5.43,22.95,6.21,7.27,6.16,6.75,8.26,9.10,9.15,6.25,6.67,14.58,8.18,11.77,8.35,11.58,7.46,12.18,12.40,13.82,8.74,12.37,9.95,12.88,11.36,25.86,22.44,17.01,14.50,18.75,38.16,23.08,50.11
74,44.97,24.06,17.97,16.06,16.68,22.29,12.52,19.00,16.84,20.76,18.79,24.76,14.43,18.03,12.76,11.15,2.43,14.90,17.04,3.25,15.02,6.02,22.83,13.06,17.42,18.54,14.89,12.56,22.66,19.74,22.28,19.77,19.86,24.54,9.91,14.15,26.06,30.51,34.10,23.21,54.51,25.31,25.52,18.13,17.34,19.98,20.32,15.27,15.41,21.49,23.03,32.49,17.14,22.44,17.82,23.35,24.97,21.91,26.32,21.96,24.41,16.15,9.62,18.82,13.43,13.80,18.69,20.71,16.67,11.78,19.31,14.97,18.84,0.00,24.75,17.97,11.52,13.18,17.47,13.61,12.57,14.87,34.12,28.57,34.57,27.47,16.25,12.74,17.91,18.68,18.68,18.68,14.07,15.54,19.23,40.39,16.20,14.26,20.19,16.41,24.49,12.15,12.61,22.60,19.70,8.21,24.20,29.21,14.11,29.02,16.45,10.30,10.46,11.61,21.21,26.65,20.92,27.15,21.67,40.13,14.04,29.26,19.85,32.37,52.44,32.23,64.39
75,26.86,5.96,9.15,11.36,10.64,5.07,14.12,7.99,11.24,3.64,6.31,0.01,10.91,6.81,12.76,14.75,25.00,10.91,8.30,26.14,11.55,19.93,6.47,12.57,9.37,9.31,11.48,13.67,8.12,8.20,7.73,8.39,8.49,8.77,20.16,13.68,12.59,11.99,15.58,16.86,35.99,10.13,10.33,11.75,11.81,8.14,7.88,12.36,12.50,5.65,4.92,10.75,10.76,4.34,10.18,5.25,4.53,4.31,5.41,3.49,3.56,12.18,16.98,8.96,13.65,13.68,9.88,3.78,11.79,14.19,5.42,11.73,6.20,25.91,0.00,7.95,14.07,12.39,9.66,11.93,13.77,11.16,12.04,6.49,12.50,3.74,9.91,14.56,8.74,7.08,7.08,7.08,12.79,11.38,8.45,18.32,9.99,13.20,6.73,9.36,6.76,14.94,13.49,7.08,7.49,20.52,7.54,6.73,12.93,6.54,10.07,16.76,16.99,18.41,9.56,8.13,12.55,8.63,11.75,21.61,27.03,12.77,17.11,14.51,33.92,23.91,45.87
76,27.51,6.60,5.24,5.62,4.89,4.83,8.18,2.05,5.30,3.30,1.34,7.30,4.97,1.18,6.82,8.81,19.06,4.97,3.99,20.20,5.61,13.99,5.69,7.84,6.59,6.53,7.22,9.08,8.22,7.77,7.83,7.96,8.06,10.09,15.90,9.37,11.59,16.07,19.65,14.02,40.07,10.26,10.47,9.47,8.68,8.28,8.01,6.62,6.76,5.79,5.57,15.03,5.01,4.99,4.43,5.89,7.51,4.45,8.86,4.51,6.95,6.24,11.04,3.21,7.71,7.74,3.94,3.25,5.85,8.25,1.85,5.79,1.38,20.16,7.29,0.00,8.13,6.45,3.72,5.99,7.83,5.22,16.51,10.96,16.97,11.04,3.97,8.62,4.78,4.31,4.31,4.31,6.85,5.44,4.54,22.78,5.32,7.26,5.99,6.58,8.09,9.10,9.15,6.08,6.50,14.58,8.01,11.60,8.35,11.41,7.29,12.17,12.40,13.82,8.57,12.21,9.78,12.71,11.20,25.69,22.44,16.84,14.33,18.58,37.99,23.27,49.94
77,34.22,13.32,8.38,7.98,6.94,11.54,2.99,8.27,6.27,10.02,8.05,14.01,3.69,7.28,2.34,1.59,11.39,5.43,6.30,12.53,5.31,6.32,12.09,6.00,10.04,10.00,7.46,6.57,13.78,11.46,13.40,11.77,11.87,15.66,8.23,8.16,17.97,21.63,25.22,17.22,45.63,16.97,17.18,10.05,9.27,11.90,12.25,7.20,7.34,12.50,12.28,21.75,8.00,11.70,9.75,12.61,14.23,11.16,15.57,11.22,13.66,5.37,4.45,8.58,3.77,3.80,7.15,9.97,5.98,1.65,8.56,3.72,8.09,11.60,14.01,7.23,0.00,2.44,6.72,2.87,2.14,4.30,23.37,17.82,23.83,16.72,6.28,3.18,7.17,7.93,7.93,7.93,4.49,6.35,8.48,29.64,7.43,5.75,9.45,10.03,13.75,5.45,5.98,11.85,10.82,6.91,13.45,18.47,8.12,18.27,10.74,7.79,8.02,9.44,14.13,17.77,13.24,18.27,14.66,31.25,17.18,22.41,13.86,24.15,43.56,28.57,55.51
78,32.57,11.67,6.73,6.33,5.29,9.89,2.59,6.62,4.62,8.37,6.40,12.36,2.04,5.63,1.00,2.62,13.48,3.78,4.64,14.62,3.66,8.41,10.43,4.39,8.39,8.34,5.85,7.30,12.13,9.80,11.74,10.12,10.22,14.01,10.31,8.89,16.32,19.98,23.56,18.00,43.98,15.32,15.53,8.40,7.61,10.25,10.60,5.55,5.69,10.85,10.63,20.10,6.35,10.05,8.09,10.96,12.58,9.51,13.92,9.57,12.01,3.72,5.45,6.92,2.12,2.14,5.50,8.31,4.33,2.65,6.91,2.07,6.44,13.69,12.35,5.57,2.54,0.00,5.07,1.22,1.42,2.64,21.72,16.17,22.18,15.07,4.63,2.58,5.52,6.28,6.28,6.28,2.83,4.70,6.83,27.99,5.78,3.75,7.80,8.37,12.09,4.32,4.37,10.20,9.17,8.99,11.80,16.81,6.12,16.62,9.09,8.51,8.74,10.16,12.48,16.12,11.59,16.62,13.01,29.60,18.78,20.76,14.59,22.50,41.90,26.92,53.86
79,31.02,10.12,6.49,7.76,4.83,8.34,5.89,2.78,2.32,6.82,4.85,10.81,2.68,4.08,4.53,6.52,16.78,3.07,3.10,17.92,4.05,11.71,8.89,6.95,6.84,6.80,6.33,8.19,10.58,8.26,10.20,8.57,8.67,12.46,13.62,8.48,14.78,18.43,22.02,16.45,42.43,13.78,13.98,9.83,9.04,11.79,11.53,6.97,7.11,9.30,9.08,18.55,5.93,8.50,7.95,9.41,11.03,7.96,12.37,8.02,10.47,3.26,8.75,3.09,5.42,5.45,2.50,6.77,2.87,5.96,5.36,3.50,4.89,16.99,10.81,4.03,5.84,4.16,0.00,3.70,5.54,3.33,20.18,14.62,20.63,13.52,3.08,6.33,3.97,4.74,4.73,4.73,5.65,4.55,5.28,26.44,6.06,6.38,6.25,6.83,10.55,8.06,8.11,8.65,7.62,12.30,10.25,15.27,7.46,15.07,7.54,12.26,12.49,13.91,10.93,14.57,10.04,15.07,11.46,28.05,22.57,19.21,14.59,20.95,40.36,25.37,52.31
80,32.13,11.22,6.29,5.89,4.85,9.45,3.02,6.17,4.17,7.92,5.95,11.92,1.59,5.18,1.08,2.70,13.90,2.36,4.20,15.05,2.48,8.83,9.99,4.46,7.94,7.90,5.30,7.37,11.69,9.36,11.30,9.68,9.77,13.56,10.74,8.96,15.88,19.54,23.12,17.55,43.53,14.88,15.09,7.95,7.17,9.81,10.15,5.10,5.24,10.40,10.19,19.65,5.91,9.60,7.65,10.51,12.13,9.07,13.48,9.12,11.57,3.28,5.88,6.48,2.55,2.57,5.05,7.87,3.88,3.08,6.46,1.63,5.99,14.12,11.91,5.13,2.97,1.28,4.63,0.00,2.08,1.52,21.28,15.72,21.73,14.63,4.19,2.66,5.07,5.84,5.84,5.84,2.90,3.52,6.39,27.55,4.60,3.82,7.35,7.93,11.65,4.39,4.44,9.75,8.72,9.42,11.35,16.37,6.19,16.18,8.64,8.59,8.82,10.24,12.03,15.67,11.14,16.17,12.56,29.16,18.86,20.31,15.69,22.05,41.46,26.47,53.41
81,33.59,12.68,7.74,7.34,6.31,10.91,3.72,7.63,5.63,9.38,7.41,13.38,3.05,6.64,1.00,1.42,13.22,4.04,5.66,14.36,4.16,8.15,11.45,4.79,9.40,9.36,6.26,6.31,13.15,10.82,12.76,11.13,11.23,15.02,10.06,7.90,17.34,21.00,24.58,16.96,44.99,16.34,16.54,9.41,8.63,11.26,11.61,6.56,6.70,11.86,11.64,21.11,7.37,11.06,9.11,11.97,13.59,10.53,14.93,10.58,13.03,4.73,5.19,7.94,3.13,3.16,6.51,9.33,5.34,2.39,7.92,3.08,7.45,13.43,13.37,6.59,2.28,1.42,6.08,2.09,0.00,3.22,22.74,17.18,23.19,16.08,4.89,2.49,5.70,7.30,7.30,7.30,3.23,5.20,7.85,29.00,6.28,4.15,8.81,7.77,13.11,5.19,4.77,11.21,10.18,8.73,12.81,17.83,6.52,17.64,10.10,7.53,7.76,9.18,13.49,17.13,12.60,17.63,14.02,30.61,17.79,21.77,13.60,23.51,42.92,29.08,54.87
82,31.47,10.56,6.79,6.39,4.91,8.79,4.53,5.51,3.02,7.26,5.29,11.26,1.60,4.53,3.03,5.16,15.42,0.83,2.72,16.56,1.82,10.35,9.33,4.24,5.72,6.07,4.64,6.50,9.86,7.53,9.47,7.85,7.94,11.73,12.25,6.78,12.89,17.71,21.29,15.72,41.70,14.22,14.43,8.46,7.68,12.24,11.97,5.61,5.75,9.75,9.53,18.99,6.41,8.94,8.39,9.85,11.47,8.41,12.82,8.46,10.91,3.34,7.39,5.82,4.06,3.40,4.45,7.21,3.23,4.59,5.81,2.13,5.33,15.63,11.25,4.47,4.48,2.79,3.97,2.33,4.04,0.00,20.62,15.07,21.07,13.97,1.85,3.55,2.66,5.18,5.18,5.18,3.08,2.86,4.03,26.89,3.94,3.78,6.69,4.87,10.92,5.29,5.34,9.10,6.89,10.93,10.69,15.71,5.76,13.29,6.42,9.49,9.71,11.13,10.20,13.84,9.31,14.34,9.57,27.33,19.75,18.48,13.86,20.22,39.63,24.55,51.58
83,17.25,15.15,20.95,21.33,20.60,17.39,23.86,17.92,20.98,15.96,16.42,12.31,20.64,16.81,22.50,24.49,34.74,20.34,18.23,35.88,20.82,29.67,15.96,22.32,19.10,19.04,21.23,23.40,17.12,17.69,17.22,17.88,17.98,15.48,29.89,23.41,22.08,15.03,15.19,23.58,27.49,20.48,20.69,25.18,24.39,19.88,19.64,22.32,22.46,17.97,16.47,10.82,20.72,16.66,20.14,15.18,13.58,16.63,13.07,15.81,14.71,21.92,26.72,18.92,23.39,23.41,19.81,16.10,21.53,23.92,17.53,21.46,16.31,35.86,12.32,16.88,23.81,22.12,19.40,21.66,23.50,20.59,0.00,6.94,0.45,9.60,18.81,24.29,18.67,16.81,16.81,16.81,22.23,20.82,18.18,7.24,19.73,22.39,18.49,19.08,16.25,24.67,23.24,16.57,16.98,30.25,17.31,13.84,22.66,13.25,19.80,26.49,26.72,28.14,19.05,16.86,22.28,15.35,23.70,13.11,36.75,17.73,26.83,17.54,25.41,33.40,37.36
84,29.98,8.70,15.78,16.17,15.44,10.94,18.70,12.76,15.82,9.51,11.26,5.86,15.48,11.65,17.34,19.33,29.57,15.18,13.07,30.72,15.65,24.51,10.32,17.16,13.93,13.88,16.07,18.24,10.35,13.64,12.62,13.83,13.92,8.71,24.73,18.25,14.28,10.76,14.34,16.80,32.44,14.03,14.24,17.61,17.68,13.43,13.19,17.16,17.30,11.52,10.02,8.76,15.56,10.21,14.98,8.73,7.13,10.18,6.62,9.36,8.26,16.76,21.56,13.76,18.23,18.25,14.65,9.65,16.37,18.76,11.29,16.30,11.15,30.70,5.87,11.72,18.65,16.96,14.24,16.50,18.34,15.43,6.72,0.00,7.17,3.15,13.65,19.13,13.51,11.65,11.65,11.65,17.06,15.66,13.02,13.00,14.57,17.23,13.33,13.92,8.73,19.51,18.08,11.14,13.29,25.09,10.53,5.58,17.50,6.48,14.63,21.33,21.55,22.97,14.43,8.07,17.12,8.57,18.54,20.12,31.59,12.71,21.67,13.27,30.36,28.78,42.31
85,16.31,15.60,21.40,21.78,21.05,17.84,24.31,18.38,21.43,16.41,16.88,12.76,21.10,17.26,22.95,24.94,35.19,20.80,18.68,36.33,21.27,30.12,16.41,22.77,19.55,19.49,21.69,23.85,20.69,18.15,17.68,18.34,18.43,19.05,30.34,23.86,24.62,15.15,15.30,24.72,27.60,20.94,21.15,25.63,24.85,20.33,20.09,22.78,22.92,18.42,16.92,11.28,21.18,17.11,20.60,15.63,14.03,17.09,13.52,16.26,15.17,22.37,27.17,19.37,23.84,23.87,20.26,16.55,21.98,24.38,17.98,21.92,16.77,36.32,12.77,17.33,24.26,22.58,19.85,22.12,23.96,21.05,0.45,7.39,0.00,10.06,19.26,24.75,19.12,17.27,17.26,17.26,22.68,21.27,18.64,6.86,20.19,22.85,18.94,19.54,16.71,25.12,23.69,17.02,17.44,30.71,20.87,13.95,23.12,13.71,20.25,26.94,27.17,28.59,19.51,16.97,22.74,18.88,24.15,13.22,37.21,17.84,27.29,17.66,25.53,33.85,37.48
86,28.84,7.56,13.21,13.59,12.86,8.86,16.12,10.19,13.24,7.43,8.69,3.78,12.91,9.08,14.76,16.75,27.00,12.61,10.50,28.14,13.08,21.93,8.47,14.58,11.36,11.30,13.50,15.66,10.68,10.21,9.74,10.40,10.49,9.04,22.15,15.67,14.61,12.27,15.85,17.14,36.27,12.89,13.10,15.54,15.61,12.29,12.05,14.59,14.73,9.44,8.88,9.97,12.99,8.13,12.41,7.59,5.99,8.11,5.48,7.28,7.12,14.18,18.99,11.18,15.65,15.68,12.08,7.57,13.79,16.19,9.21,13.73,8.58,28.13,3.79,9.15,16.07,14.39,11.66,13.93,15.77,12.86,10.28,3.13,10.73,0.00,11.07,16.56,10.93,9.08,9.08,9.08,14.49,13.08,10.45,16.55,12.00,14.66,10.76,11.35,6.31,16.93,15.51,9.08,9.50,22.52,10.87,7.00,14.93,6.81,12.06,18.75,18.98,20.40,11.57,8.41,14.55,8.91,15.97,21.89,29.02,13.04,19.10,14.78,34.19,25.91,46.14
87,30.04,9.14,7.77,8.15,5.79,7.36,6.13,4.09,3.28,5.84,3.87,9.83,2.92,3.10,4.22,5.94,17.02,1.60,1.38,18.16,2.24,11.95,7.16,4.47,3.94,4.29,3.85,5.71,8.07,5.75,7.69,6.06,6.16,9.95,12.20,6.00,11.11,15.92,19.51,13.94,39.92,12.79,13.00,10.06,9.28,10.81,10.55,7.21,7.35,8.32,8.10,17.57,7.55,7.52,6.97,8.43,10.05,6.98,11.39,7.04,9.48,4.22,8.99,4.40,5.66,5.69,4.47,5.79,3.83,6.19,4.38,3.73,3.91,17.23,9.83,3.05,6.08,4.39,2.52,3.93,5.34,1.85,18.45,12.90,18.90,11.80,0.00,4.70,0.88,3.01,3.01,3.01,3.48,2.08,2.25,24.72,3.03,3.90,4.50,3.09,9.14,5.73,5.78,6.60,5.11,12.53,8.83,13.54,4.98,11.50,4.64,8.81,9.03,10.45,8.42,12.06,7.53,12.56,7.79,25.54,19.07,16.70,12.08,18.44,37.85,22.77,49.80
88,35.38,14.47,9.59,9.19,8.15,12.70,4.79,9.42,6.77,11.17,9.20,15.17,4.84,8.43,2.58,2.51,13.34,4.25,5.72,14.48,4.37,8.27,11.23,3.05,7.04,8.15,4.51,4.86,11.31,9.36,10.93,9.38,9.48,13.19,9.47,6.45,14.42,19.16,22.75,15.50,43.16,18.13,18.34,11.26,10.47,13.11,13.45,8.40,8.54,13.65,13.43,22.90,9.21,12.85,10.95,13.76,15.38,12.32,16.73,12.37,14.82,6.58,6.26,9.73,5.17,5.20,8.35,11.12,7.10,3.46,9.71,4.93,9.24,13.55,15.16,8.38,3.35,3.46,7.88,3.52,2.43,4.21,24.53,18.97,24.98,17.88,5.59,0.00,5.31,9.09,9.09,9.09,1.49,3.38,6.97,30.79,5.32,2.41,8.60,6.02,12.38,2.52,3.03,9.84,8.35,8.86,12.06,17.86,4.77,14.74,7.72,6.08,6.30,7.72,11.40,15.30,10.54,15.80,11.11,28.78,16.34,19.94,12.15,21.68,41.09,27.63,53.04
89,30.59,9.68,8.31,8.70,6.31,7.91,6.65,4.63,3.80,6.43,4.41,8.74,3.44,2.89,4.74,6.46,17.54,2.13,0.77,18.68,2.36,12.47,7.01,4.64,3.71,4.05,3.56,5.66,7.84,5.51,7.45,5.83,5.93,9.72,12.15,5.94,10.87,15.69,19.27,13.71,39.69,13.34,13.55,10.59,9.80,11.35,11.09,7.73,7.87,8.86,8.64,18.11,8.09,8.06,7.51,8.97,10.59,7.53,11.94,7.58,8.39,4.74,9.52,4.94,6.18,6.21,5.01,6.33,4.35,6.72,4.92,4.26,4.45,17.75,8.73,3.59,6.60,4.92,2.89,4.46,5.86,2.37,18.29,12.74,18.75,11.64,0.92,5.23,0.00,2.85,2.85,2.85,3.92,2.51,2.02,24.56,2.21,4.33,4.37,2.85,8.90,6.16,5.57,6.37,4.88,13.06,8.37,13.38,4.92,11.27,4.41,8.75,8.97,10.39,8.19,11.83,7.30,12.33,7.56,25.31,19.01,16.47,11.85,18.21,37.61,22.54,49.56
90,30.63,9.72,8.38,8.76,8.04,7.95,8.04,5.43,5.16,5.76,3.86,7.01,4.83,2.26,6.68,8.67,18.92,4.53,2.41,20.06,5.00,13.85,4.18,6.50,3.28,2.64,5.42,7.58,6.08,3.96,5.69,4.14,4.24,7.96,14.07,7.59,10.62,13.93,17.51,12.30,37.93,13.38,13.59,11.97,11.19,11.40,11.13,9.12,9.26,8.91,8.69,14.91,8.16,8.10,7.58,9.01,8.68,7.57,10.03,7.62,7.72,6.10,10.90,5.73,7.57,7.60,5.81,6.37,5.71,8.11,4.97,5.65,3.75,19.13,7.00,3.39,7.99,6.30,3.58,5.85,7.68,4.78,16.16,10.61,16.62,9.51,2.99,8.48,2.85,0.00,0.00,0.00,6.41,5.00,2.37,22.43,3.92,6.58,1.94,3.27,5.84,8.85,7.43,3.95,3.25,14.44,5.55,11.26,6.85,8.14,3.98,10.67,10.90,12.32,6.43,10.07,5.89,10.57,7.31,23.55,20.94,14.71,10.44,16.45,35.86,21.22,47.81
91,30.63,9.72,8.38,8.76,8.04,7.95,8.04,5.43,5.16,5.76,3.86,7.01,4.83,2.26,6.68,8.67,18.92,4.53,2.41,20.06,5.00,13.85,4.18,6.50,3.28,2.64,5.42,7.58,6.08,3.95,5.69,4.14,4.24,7.96,14.07,7.59,10.62,13.93,17.51,12.30,37.93,13.38,13.59,11.97,11.19,11.40,11.13,9.12,9.26,8.91,8.69,14.91,8.16,8.10,7.58,9.01,8.68,7.57,10.03,7.62,7.72,6.10,10.90,5.73,7.57,7.60,5.81,6.37,5.71,8.10,4.97,5.65,3.75,19.13,7.00,3.39,7.99,6.30,3.58,5.85,7.68,4.78,16.16,10.61,16.62,9.51,2.99,8.47,2.85,0.00,0.00,0.00,6.41,5.00,2.37,22.43,3.92,6.58,1.94,3.27,5.84,8.85,7.43,3.95,3.25,14.43,5.55,11.25,6.85,8.14,3.98,10.67,10.90,12.32,6.43,10.07,5.89,10.57,7.30,23.55,20.94,14.71,10.44,16.45,35.85,21.22,47.81
92,30.63,9.72,8.38,8.76,8.04,7.95,8.04,5.43,5.16,5.76,3.86,7.01,4.83,2.26,6.68,8.67,18.92,4.53,2.41,20.06,5.00,13.85,4.18,6.50,3.28,2.64,5.42,7.58,6.08,3.95,5.69,4.14,4.24,7.96,14.07,7.59,10.62,13.93,17.51,12.30,37.93,13.38,13.59,11.97,11.19,11.40,11.13,9.12,9.26,8.91,8.69,14.91,8.16,8.10,7.58,9.01,8.68,7.57,10.03,7.62,7.72,6.10,10.90,5.73,7.57,7.60,5.81,6.37,5.71,8.10,4.97,5.65,3.75,19.13,7.00,3.39,7.99,6.30,3.58,5.85,7.68,4.78,16.16,10.61,16.62,9.51,2.99,8.47,2.85,0.00,0.00,0.00,6.41,5.00,2.37,22.43,3.92,6.58,1.94,3.27,5.84,8.85,7.43,3.95,3.25,14.43,5.55,11.25,6.85,8.14,3.98,10.67,10.90,12.32,6.43,10.07,5.89,10.57,7.30,23.55,20.94,14.71,10.44,16.45,35.85,21.22,47.81
93,33.86,12.96,8.08,7.68,6.64,11.18,4.83,7.91,5.25,9.66,7.69,13.65,3.33,6.92,2.06,3.65,14.49,2.73,4.95,15.63,2.85,9.42,10.10,2.03,6.02,6.40,3.50,3.81,10.19,8.34,9.80,8.37,8.46,12.06,8.80,5.40,13.41,18.04,21.62,14.46,42.03,16.61,16.82,9.74,8.96,11.60,11.94,6.89,7.03,12.14,11.92,21.39,7.70,11.34,9.44,12.25,13.87,10.80,15.21,10.86,13.30,5.07,7.38,8.22,4.36,4.38,6.84,9.61,5.59,4.58,8.20,3.42,7.73,14.70,13.65,6.87,4.47,2.65,6.36,2.71,3.07,2.70,23.01,17.46,23.47,16.36,4.08,1.36,4.18,7.57,7.57,7.57,0.00,2.26,6.26,29.28,4.19,1.36,7.47,5.01,11.25,2.42,2.47,8.72,7.22,10.00,10.94,18.10,3.76,13.62,6.71,5.40,5.63,7.05,10.53,14.17,9.52,14.67,10.09,27.66,15.66,18.81,11.10,20.55,39.96,24.85,51.91
94,31.59,10.68,9.31,8.26,7.22,8.91,6.40,5.63,4.80,7.38,5.41,11.38,3.91,4.64,3.95,5.67,16.51,2.28,2.66,17.65,1.54,11.44,8.16,2.60,4.09,4.46,2.82,4.68,8.25,5.92,7.86,6.24,6.33,10.12,10.35,4.97,11.28,16.10,19.68,14.02,40.09,14.34,14.55,10.33,9.55,12.36,12.09,7.48,7.62,9.87,9.65,19.11,9.09,9.06,8.51,9.97,11.59,8.53,12.94,8.58,11.03,5.65,9.26,5.94,5.93,5.27,6.02,7.33,5.35,6.46,5.92,4.00,5.45,16.72,11.37,4.59,6.35,4.66,4.07,3.43,5.08,3.28,19.91,14.35,20.36,13.25,2.05,3.08,2.24,4.46,4.46,4.46,1.73,0.00,3.90,26.17,2.25,2.14,5.53,2.82,9.31,3.97,4.02,6.78,5.29,12.02,9.00,14.80,3.95,11.68,4.79,6.95,7.18,8.60,8.59,12.23,7.70,12.73,7.96,25.72,17.22,16.87,10.67,18.61,38.02,22.94,49.97
95,31.71,10.80,9.46,9.85,8.24,9.03,8.61,6.00,5.73,6.86,4.94,8.66,5.40,3.32,7.25,8.12,19.49,3.79,2.11,20.63,4.43,14.80,6.53,5.75,3.30,3.65,4.67,7.60,7.44,5.11,7.05,5.43,5.52,9.31,14.09,7.62,10.47,15.29,18.87,13.30,39.28,14.46,14.67,12.54,11.76,12.48,12.21,9.69,9.83,9.99,9.77,16.01,9.24,9.18,8.66,10.09,9.79,8.65,11.13,8.71,8.82,6.67,11.47,6.30,8.14,8.17,6.38,7.45,6.28,8.67,6.05,6.22,4.83,21.27,8.65,4.95,8.56,6.87,4.15,6.42,8.25,4.04,17.81,12.26,18.27,11.16,2.25,6.89,2.24,2.37,2.37,2.37,5.67,4.26,0.00,24.08,3.18,5.82,3.86,3.29,8.50,8.87,6.67,5.97,4.48,15.01,8.19,12.90,6.87,10.87,4.00,10.70,10.92,12.34,7.78,11.42,6.89,11.93,7.15,24.91,20.96,16.06,11.45,17.80,37.21,22.13,49.16
96,27.73,22.91,28.70,29.08,28.36,28.27,31.62,25.68,28.74,24.12,24.18,20.07,28.40,24.57,30.26,32.25,42.49,28.10,25.99,43.64,28.57,37.42,23.71,30.08,26.85,26.80,28.99,31.15,22.85,25.45,25.13,25.64,25.74,21.21,37.65,31.17,26.78,17.31,15.32,26.88,20.46,28.24,28.45,32.93,32.15,27.64,27.40,30.08,30.22,29.23,24.23,16.69,28.48,24.42,27.90,22.94,21.34,27.89,20.83,23.57,22.47,29.68,34.48,26.68,31.15,31.17,27.57,26.69,29.29,31.68,25.29,29.22,24.07,43.62,20.08,24.64,31.57,29.88,27.16,29.42,31.26,28.35,9.42,14.70,9.23,17.36,26.57,32.05,26.42,24.57,24.57,24.57,29.98,28.57,25.94,0.00,27.49,30.15,26.25,26.84,20.56,32.43,31.00,24.33,24.74,38.01,23.04,16.11,30.42,18.12,27.55,34.25,34.47,35.89,26.81,19.14,30.04,21.04,31.46,13.24,44.51,20.01,34.59,19.09,18.39,41.16,30.34
97,32.62,11.71,10.35,9.49,8.35,9.94,7.62,6.67,5.84,8.02,6.10,10.33,5.47,4.48,5.17,6.89,17.64,3.31,2.74,18.78,2.57,11.73,7.82,3.29,2.81,4.12,2.21,4.53,7.91,5.13,7.52,5.16,5.25,9.78,11.02,4.82,10.20,15.76,19.34,12.72,39.76,15.37,15.58,11.56,10.77,13.39,13.12,8.70,8.84,10.90,10.68,20.14,10.12,10.10,9.54,11.00,10.95,9.56,12.29,9.62,9.98,6.77,10.48,6.97,7.15,6.49,7.05,8.36,6.39,7.68,6.96,5.23,5.99,18.20,10.32,5.62,7.57,5.88,4.85,4.65,6.29,4.41,19.57,14.02,20.02,12.92,2.88,5.42,2.22,4.12,4.12,4.12,4.26,2.70,3.48,25.84,0.00,3.37,5.19,1.50,8.97,5.80,4.22,6.44,4.95,13.16,8.66,14.46,3.80,11.34,3.50,7.63,7.85,9.27,7.18,11.90,6.31,12.40,6.88,25.38,17.89,16.53,10.86,18.27,37.68,21.64,49.63
98,33.73,12.82,9.22,8.82,7.78,11.05,5.91,7.77,6.34,9.52,7.55,13.52,4.47,6.78,3.15,4.11,14.87,3.83,4.80,16.01,3.68,8.95,9.90,0.83,4.74,5.86,2.22,2.73,9.99,7.06,9.60,7.09,7.18,11.86,8.25,4.25,12.13,17.84,21.42,13.31,41.83,16.48,16.69,10.89,10.10,14.50,14.23,8.03,8.17,12.01,11.79,21.25,8.84,11.20,10.65,12.11,13.73,10.67,15.08,10.72,13.17,6.21,8.58,8.08,5.44,5.47,8.16,9.47,6.73,5.67,8.06,4.56,7.59,15.42,13.51,6.73,5.38,3.74,6.21,3.98,4.15,3.84,22.03,16.48,22.48,15.38,4.19,2.33,4.38,6.58,6.58,6.58,1.11,2.46,5.99,28.30,3.20,0.00,7.26,3.73,11.05,1.87,1.93,8.52,7.03,10.38,10.74,16.54,2.48,13.42,5.43,4.85,5.08,6.50,9.11,13.97,8.24,14.48,8.81,27.46,15.12,18.61,9.95,20.35,39.76,23.57,51.71
99,33.22,12.31,10.56,10.94,9.51,10.54,9.88,7.26,7.00,8.12,6.04,7.06,6.66,4.58,8.52,10.51,20.94,6.36,4.25,22.08,6.83,15.02,3.80,6.75,2.77,2.04,5.67,7.83,5.36,3.01,4.97,3.19,3.29,7.24,14.32,7.84,8.03,13.21,16.79,11.69,37.21,15.97,16.18,13.81,13.02,13.99,13.72,10.96,11.10,11.50,11.28,17.27,10.34,10.69,9.76,11.60,11.05,10.16,12.39,10.21,10.08,7.94,12.74,7.57,9.41,9.43,7.65,8.96,7.55,9.94,7.55,7.48,5.93,21.49,7.06,6.22,9.83,8.14,5.42,7.68,9.52,6.61,18.34,12.79,18.79,11.69,4.83,10.31,4.68,2.24,2.24,2.24,7.71,6.84,4.20,24.61,5.94,6.82,0.00,3.51,5.46,9.10,7.67,2.61,1.96,16.45,5.17,11.91,7.10,7.77,4.23,10.92,11.15,12.57,5.48,9.35,5.28,9.85,6.70,22.83,21.19,13.99,9.83,15.73,35.13,19.83,47.09
100,32.91,12.00,10.66,10.80,9.44,10.23,8.94,7.19,6.93,8.05,6.14,10.36,6.59,4.51,6.49,8.21,17.66,4.99,3.31,18.80,4.18,11.74,7.86,3.31,2.20,3.31,2.22,4.55,7.95,4.52,7.56,4.54,4.64,9.82,11.04,4.83,9.58,15.80,19.38,12.11,39.79,15.66,15.87,12.87,12.09,13.67,13.41,10.02,10.16,11.18,10.96,17.20,10.44,10.38,9.86,11.29,10.98,9.85,12.33,9.90,10.01,7.87,11.80,7.50,8.47,7.81,7.58,8.65,7.48,9.00,7.24,6.54,6.03,18.21,10.35,6.15,8.89,7.20,5.35,5.97,7.62,5.23,19.60,14.05,20.06,12.95,3.45,5.43,3.43,4.16,4.16,4.16,4.27,4.44,3.52,25.87,1.58,3.38,5.23,0.00,9.01,5.82,4.23,6.48,4.98,13.17,8.70,14.50,3.81,11.38,2.88,7.64,7.87,9.29,6.56,11.93,5.70,12.43,6.27,25.41,17.90,16.57,10.25,18.31,37.72,21.03,49.67
101,31.99,11.09,12.40,12.78,12.05,10.20,15.35,9.38,12.47,8.77,7.88,5.63,12.14,8.37,13.99,15.98,25.38,10.82,9.72,26.52,11.45,19.46,2.36,11.19,7.14,5.54,10.11,12.27,1.68,4.97,3.25,5.16,5.25,3.55,18.76,12.28,5.61,8.71,12.29,8.74,32.71,15.26,15.46,16.63,15.85,13.27,13.01,13.78,13.92,10.78,10.05,15.88,12.18,9.47,11.60,10.38,9.66,9.44,11.01,8.62,8.69,13.41,18.21,10.37,14.88,14.91,11.27,8.91,13.02,15.41,8.98,12.96,7.77,25.93,7.03,8.36,15.30,13.61,10.89,13.16,14.99,11.06,12.74,7.19,13.19,5.72,9.28,13.32,9.26,6.05,6.05,6.05,12.15,11.29,8.65,19.01,9.46,11.27,5.18,7.96,0.00,13.54,12.12,4.12,4.62,20.89,0.78,4.30,11.53,2.30,8.62,15.36,15.59,17.01,5.76,4.84,9.04,5.35,7.95,18.33,25.62,9.48,11.41,11.22,30.63,20.11,42.58
102,34.99,14.08,10.48,10.08,9.04,12.31,7.37,9.04,9.16,10.78,8.82,14.78,5.73,7.83,4.98,3.88,13.14,6.64,6.06,14.28,4.94,7.23,10.75,1.23,5.60,6.71,3.07,1.53,10.84,7.92,10.45,7.94,8.04,12.71,6.52,3.12,15.04,18.69,22.27,12.18,42.69,17.74,17.95,12.15,11.36,15.76,15.49,9.30,9.44,13.27,13.05,22.51,10.10,12.47,11.91,13.37,14.99,11.93,16.34,11.99,14.43,7.47,8.36,9.34,7.56,7.59,9.42,10.73,7.99,6.03,9.33,5.82,8.86,13.70,14.77,7.99,5.15,5.86,7.47,5.91,4.81,5.10,22.88,17.33,23.34,16.23,5.46,3.19,5.64,7.44,7.44,7.44,2.58,3.72,6.84,29.15,4.38,2.52,8.11,4.58,11.90,0.00,0.79,9.37,7.88,8.66,11.59,17.39,3.08,14.27,5.42,3.12,3.35,4.77,9.96,14.83,9.89,15.33,10.65,28.31,13.39,18.24,8.82,21.20,40.61,24.30,52.56
103,34.64,13.73,10.13,9.73,8.69,11.96,6.73,8.68,7.26,10.43,8.46,14.43,5.38,7.45,3.96,4.67,13.93,4.74,5.71,15.08,4.59,8.02,10.37,0.88,5.22,6.33,2.72,1.38,10.46,7.54,10.07,7.56,7.66,12.33,7.32,3.34,12.60,18.31,21.89,12.40,42.31,17.39,17.60,11.80,11.01,15.41,15.14,8.95,9.09,12.92,12.70,22.16,9.75,12.11,11.56,13.02,14.64,11.58,15.99,11.63,14.08,7.12,9.15,8.99,6.26,6.28,9.07,10.38,7.64,6.82,8.98,5.47,8.51,14.49,14.42,7.64,5.95,4.55,7.12,4.61,5.60,4.75,22.50,16.95,22.96,15.85,5.11,3.15,5.29,7.06,7.06,7.06,2.36,3.37,6.46,28.77,4.00,1.75,7.73,4.20,11.52,1.04,0.00,8.99,7.50,9.45,11.21,17.01,1.56,13.89,4.24,3.92,4.14,5.56,9.58,14.45,8.72,14.95,9.29,27.93,14.18,18.46,9.04,20.82,40.23,24.52,52.18
104,32.86,11.95,10.61,10.99,10.27,10.18,11.84,7.59,8.96,7.99,6.09,7.71,8.62,6.58,10.48,12.47,22.04,7.48,6.21,23.18,8.12,16.13,2.13,7.86,3.81,2.20,6.77,8.93,2.41,1.63,2.02,1.82,1.92,4.28,15.42,8.94,5.78,10.26,13.84,8.21,34.26,15.61,15.82,14.84,14.06,13.63,13.36,11.99,12.13,11.14,10.92,17.14,10.39,10.33,9.81,11.24,10.91,9.80,12.26,9.85,9.94,9.90,14.70,8.59,11.37,11.39,9.48,8.60,9.51,11.90,7.20,9.44,5.98,22.60,7.71,6.57,11.79,10.10,7.38,9.64,11.48,7.73,16.24,10.68,16.69,9.59,5.94,9.98,5.93,4.32,4.32,4.32,8.82,7.95,5.32,22.51,6.13,7.93,4.04,4.62,3.47,10.20,8.78,0.00,1.29,17.56,3.16,8.96,8.20,5.84,5.29,12.02,12.25,13.67,2.76,6.40,5.71,6.90,4.95,19.88,22.29,11.03,8.40,12.77,32.18,17.10,44.13
105,32.99,12.08,10.74,11.12,10.40,10.31,10.88,8.27,8.00,8.11,6.22,7.84,7.67,5.58,9.52,11.51,21.07,6.52,5.25,22.22,7.16,15.16,2.83,6.90,2.85,1.25,5.82,7.97,3.32,1.04,2.93,1.23,1.33,5.19,14.46,7.98,6.07,11.17,14.75,8.50,35.16,15.74,15.95,14.81,14.03,13.76,13.49,11.96,12.10,11.27,11.05,17.27,10.52,10.46,9.94,11.37,11.04,9.93,12.39,9.98,10.07,8.94,13.74,8.57,10.41,10.44,8.65,8.73,8.55,10.94,7.32,8.48,6.11,21.63,7.84,7.22,10.83,9.14,6.42,8.68,10.52,6.77,16.37,10.81,16.82,9.72,4.99,9.03,4.97,3.36,3.36,3.36,7.86,7.00,4.36,22.64,5.17,6.97,3.08,3.67,4.38,9.24,7.82,1.85,0.00,16.59,4.07,9.87,7.23,6.75,4.33,11.06,11.28,12.70,3.67,7.30,4.74,7.81,4.01,20.79,21.32,11.94,9.29,13.68,33.09,18.01,45.04
106,40.86,19.95,15.02,14.62,13.58,18.18,9.63,14.91,12.90,16.66,14.69,20.65,10.32,13.92,8.66,7.04,5.44,10.79,12.93,6.59,10.91,1.71,18.72,9.41,13.77,14.89,11.24,8.91,19.01,16.09,18.62,16.11,16.21,20.89,2.54,10.50,22.41,26.86,30.44,19.55,50.86,23.61,23.82,16.69,15.90,18.54,18.88,13.83,13.97,19.14,18.92,28.39,14.64,18.34,16.38,19.24,20.86,17.80,22.21,17.86,20.30,12.01,9.79,15.21,10.40,10.43,13.78,16.60,12.62,8.29,15.20,10.36,14.73,8.17,20.64,13.86,7.41,9.08,13.36,9.50,8.46,10.76,30.01,24.46,30.46,23.36,12.14,8.64,13.81,14.57,14.57,14.57,11.22,11.89,15.12,36.28,12.55,10.61,16.09,12.76,20.07,8.50,8.96,17.54,16.05,0.00,19.76,25.10,10.46,22.44,12.80,5.95,5.51,4.62,17.56,23.00,17.27,23.50,18.02,36.48,11.88,25.61,16.20,28.72,48.78,25.25,60.73
107,32.57,11.66,11.83,12.21,11.49,11.40,14.45,8.81,11.57,9.21,7.31,7.62,11.24,7.80,13.09,15.08,24.66,10.10,8.82,25.80,10.73,18.74,2.49,10.47,6.42,4.82,9.39,11.55,0.96,4.25,3.23,4.44,4.53,2.83,18.04,11.56,4.89,8.81,12.39,8.02,32.80,16.83,17.04,16.06,15.28,14.85,14.58,13.21,13.35,12.36,10.63,16.46,11.61,10.05,11.03,10.95,10.24,11.02,11.58,9.20,9.27,12.51,17.31,9.81,13.98,14.01,10.70,9.82,12.12,14.52,8.42,12.06,7.20,25.21,7.61,7.79,14.40,12.72,9.99,12.26,14.10,10.34,16.14,10.59,16.60,11.18,8.56,12.60,8.54,5.48,5.48,5.48,11.43,10.57,7.93,22.41,8.74,10.55,4.61,7.24,1.82,12.82,11.40,3.34,3.90,20.17,0.00,7.51,10.81,4.13,7.90,14.64,14.87,16.29,5.04,4.94,8.32,5.44,7.23,18.43,24.90,9.58,10.69,11.32,30.73,19.39,42.68
108,33.59,12.69,16.15,16.53,15.80,11.80,19.06,13.13,16.18,10.37,11.63,6.72,15.85,12.01,17.70,19.69,29.94,15.55,13.43,31.08,16.02,24.87,6.36,16.33,12.28,10.68,15.25,17.40,6.81,10.10,9.09,10.29,10.39,5.17,23.89,17.42,10.74,6.60,10.18,13.27,30.60,16.86,17.06,18.48,18.54,14.87,14.61,17.53,17.67,12.38,11.65,13.68,15.92,11.07,15.34,11.98,11.26,11.04,11.12,10.22,10.29,17.12,21.92,14.12,18.59,18.62,15.01,10.51,16.73,19.13,12.15,16.67,11.52,31.07,6.73,12.08,19.01,17.33,14.60,16.87,18.71,15.79,11.64,8.28,12.09,6.80,14.01,19.50,13.87,12.01,12.01,12.01,17.43,16.02,13.38,16.11,14.94,16.40,9.31,13.10,4.77,18.68,17.25,9.19,9.76,25.46,7.00,0.00,16.67,2.94,13.76,20.50,20.72,22.14,10.90,4.54,14.18,5.04,13.09,16.22,30.76,9.30,17.02,9.11,28.52,25.25,40.47
109,34.79,13.88,10.63,10.23,9.19,12.11,9.09,8.83,7.76,10.58,8.61,13.44,5.88,7.59,6.69,5.60,13.97,5.24,6.13,15.11,4.74,8.06,10.51,1.86,5.35,6.47,2.83,0.86,10.60,7.67,10.21,7.70,7.79,12.47,7.35,2.15,11.36,18.45,22.03,11.20,42.44,17.54,17.75,12.30,11.51,15.56,15.29,9.45,9.58,13.07,12.85,22.31,10.25,12.26,11.71,13.17,14.79,11.73,16.14,11.78,13.09,7.62,10.07,9.14,7.89,7.23,9.22,10.53,8.14,7.74,9.13,5.97,8.65,14.53,13.43,7.79,6.87,6.63,7.27,5.40,6.52,5.25,22.64,17.09,23.09,15.99,5.25,4.91,5.44,7.19,7.19,7.19,3.69,3.87,6.60,28.91,4.13,2.50,7.87,4.34,11.66,2.13,2.47,9.13,7.63,9.49,11.35,17.14,0.00,14.03,3.42,3.96,4.18,5.60,8.18,14.58,6.63,15.08,8.05,28.06,14.22,17.26,7.85,20.96,40.37,23.33,52.32
110,33.47,12.57,14.70,15.08,14.36,11.68,18.94,11.68,16.06,10.25,10.18,6.60,15.73,11.89,17.58,19.57,28.95,14.39,13.31,30.09,15.02,23.03,4.54,14.77,10.72,9.11,13.68,15.84,5.25,8.54,5.43,8.73,8.82,3.61,22.33,15.85,9.18,6.84,10.42,11.71,30.83,16.74,16.94,18.36,18.42,14.75,14.49,16.08,16.22,12.26,11.53,15.48,14.48,10.95,13.90,11.86,11.14,10.92,11.00,10.10,10.17,17.00,21.80,12.68,18.47,18.50,13.57,10.39,16.61,19.01,11.28,16.55,10.07,29.50,6.61,10.66,18.89,17.21,14.48,16.75,18.59,14.64,13.71,8.16,14.16,6.68,12.85,16.89,12.84,8.35,8.35,8.35,15.73,14.86,12.23,19.98,13.04,14.84,7.48,11.53,2.95,17.11,15.69,7.63,8.19,24.46,3.73,2.42,15.10,0.00,12.19,18.93,19.16,20.58,9.34,2.97,12.61,3.48,11.53,16.46,29.20,7.61,15.45,9.35,28.76,23.68,40.71
111,34.12,13.21,11.87,12.26,11.53,11.44,11.19,8.57,8.31,9.25,7.35,10.50,7.97,5.75,9.83,9.23,17.60,6.48,4.80,18.75,5.43,11.69,7.53,5.22,2.38,3.50,2.77,4.50,7.62,4.70,5.53,3.71,3.79,9.49,10.99,4.51,8.15,15.47,19.05,9.82,39.47,16.87,17.08,15.12,14.33,14.89,14.62,12.27,12.41,12.40,12.18,18.40,11.65,11.59,11.07,12.50,12.18,11.06,13.52,11.11,11.21,9.25,14.05,8.88,10.72,10.74,8.96,9.86,8.86,11.25,8.46,8.79,7.24,18.16,10.49,7.53,11.14,9.45,6.73,8.99,10.15,6.73,19.65,14.10,20.11,13.00,4.95,7.81,4.93,4.21,4.21,4.21,6.65,6.96,4.32,25.92,3.96,5.76,4.56,2.45,8.68,5.77,6.10,6.15,4.66,13.12,8.37,14.17,3.76,11.05,0.00,7.59,7.81,9.23,4.96,11.61,3.41,12.11,4.83,25.09,17.85,16.24,6.75,17.98,37.39,18.74,49.34
112,38.78,17.87,15.68,15.28,14.24,16.10,11.07,12.82,12.86,14.57,12.60,18.57,10.94,11.62,8.68,7.58,10.23,10.34,9.85,11.37,10.46,6.50,14.54,5.02,9.39,10.50,6.86,4.52,14.63,11.70,14.24,11.73,11.83,16.50,3.61,6.11,18.03,22.48,26.06,15.17,46.48,21.53,21.74,17.35,16.57,19.55,19.28,14.50,14.64,17.06,16.84,26.30,15.30,16.25,15.70,17.16,18.78,15.72,20.13,15.77,18.22,12.67,12.05,13.13,11.26,11.29,14.45,14.52,13.19,9.73,13.12,11.02,12.64,12.96,18.56,11.78,8.85,9.55,11.26,9.61,8.50,10.30,26.67,21.12,27.12,20.02,9.25,6.89,9.43,11.23,11.23,11.23,6.84,7.51,10.63,32.94,8.17,6.22,11.90,8.37,15.69,4.12,4.58,13.16,11.67,5.75,15.38,21.18,6.07,18.06,8.41,0.00,1.24,1.86,13.17,18.61,12.88,19.12,13.64,32.10,10.48,21.23,11.81,24.34,44.40,23.88,56.35
113,37.94,17.03,14.84,14.44,13.40,15.26,10.22,11.98,12.02,13.73,11.76,17.73,10.09,10.78,7.83,6.73,10.13,9.50,9.01,11.27,9.62,6.40,13.70,4.18,8.54,9.66,6.02,3.68,13.79,10.86,13.40,10.89,10.98,15.66,3.51,5.27,17.18,21.64,25.22,14.33,45.63,20.69,20.90,16.51,15.72,18.70,18.44,13.65,13.79,16.21,15.99,25.46,14.46,15.41,14.86,16.32,17.94,14.88,19.28,14.93,17.38,11.83,11.21,12.29,10.42,10.45,13.60,13.68,12.35,8.88,12.27,10.18,11.80,12.86,17.72,10.94,8.01,8.71,10.41,8.77,7.66,9.46,25.83,20.27,26.28,19.18,8.40,6.05,8.59,10.38,10.38,10.38,5.99,6.67,9.78,32.10,7.32,5.38,11.06,7.53,14.85,3.27,3.73,12.32,10.82,5.65,14.54,20.33,5.23,17.22,7.57,0.76,0.00,1.59,12.33,17.77,12.04,18.27,12.79,31.25,10.38,20.38,10.97,23.49,43.56,23.77,55.51
114,38.66,17.76,15.57,15.17,14.13,15.98,10.95,12.71,12.74,14.46,12.49,18.45,10.82,11.51,8.56,7.46,10.16,10.23,9.73,11.30,10.35,6.43,14.43,4.91,9.27,10.39,6.74,4.41,14.51,11.59,14.13,11.62,11.71,16.39,3.54,6.00,17.91,22.36,25.95,15.06,46.36,21.42,21.62,17.24,16.45,19.43,19.17,14.38,14.52,16.94,16.72,26.19,15.19,16.14,15.59,17.05,18.67,15.60,20.01,15.66,18.11,12.56,11.94,13.02,11.15,11.17,14.33,14.41,13.08,9.61,13.00,10.91,12.53,12.89,18.45,11.67,8.74,9.44,11.14,9.50,8.39,10.19,26.56,21.00,27.01,19.91,9.13,6.78,9.32,11.11,11.11,11.11,6.72,7.39,10.51,32.82,8.05,6.11,11.79,8.26,15.58,4.00,4.46,13.04,11.55,5.68,15.26,21.06,5.96,17.94,8.30,1.45,1.13,0.00,13.06,18.50,12.77,19.00,13.52,31.98,10.41,21.11,11.70,24.22,44.29,23.80,56.24
115,35.02,14.12,12.78,13.16,12.43,12.34,14.35,9.76,11.47,10.15,8.26,9.88,11.13,8.75,12.99,12.97,21.35,8.87,8.72,22.49,8.45,15.43,4.29,8.71,4.66,3.83,6.51,8.24,4.35,1.91,2.63,1.83,1.78,6.22,14.73,8.25,4.81,12.20,15.78,7.23,36.19,17.77,17.98,17.01,16.22,15.79,15.53,14.16,14.30,13.30,13.08,19.30,12.55,12.50,11.97,13.41,13.08,11.96,14.43,12.02,12.11,12.41,17.21,10.75,13.88,13.90,11.64,10.77,12.02,14.41,9.36,11.95,8.15,21.90,9.87,8.73,14.30,12.61,9.89,12.15,13.99,9.12,18.40,12.85,18.86,11.75,7.34,10.83,7.32,6.83,6.83,6.83,9.67,9.35,6.71,24.68,6.98,8.78,6.55,5.47,5.41,9.51,9.84,3.26,2.87,16.86,5.10,10.90,7.51,7.78,4.87,11.33,11.56,12.98,0.00,8.33,5.02,8.83,3.97,21.82,21.60,12.97,7.42,14.71,34.12,16.15,46.07
116,34.68,13.77,15.92,16.30,15.57,12.89,17.56,12.90,14.68,11.45,11.40,7.81,14.35,11.89,16.20,18.19,27.77,13.21,11.93,28.91,13.84,21.85,6.61,13.58,9.53,7.93,12.50,14.66,4.07,7.36,6.34,7.55,7.64,2.43,21.15,14.67,8.00,4.53,8.11,10.49,28.53,17.94,18.15,20.15,19.36,15.96,15.69,17.30,17.44,13.47,12.74,16.69,15.69,12.15,15.11,13.06,12.34,12.13,12.20,11.31,11.38,15.62,20.42,13.89,17.09,17.12,14.78,11.59,15.23,17.63,12.50,15.17,11.29,28.32,7.81,11.87,17.51,15.83,13.10,15.37,17.21,13.45,14.91,9.36,15.37,7.89,11.67,15.71,11.65,10.04,10.04,10.04,14.54,13.68,11.04,21.19,11.85,13.66,9.76,10.35,4.96,15.93,14.51,6.45,7.01,23.28,4.25,4.22,13.92,2.71,11.01,17.75,17.98,19.40,8.15,0.00,11.43,2.26,10.34,14.15,28.01,6.39,14.24,7.04,26.45,22.50,38.40
117,37.37,16.46,14.71,15.09,13.66,14.69,14.03,11.41,11.15,12.27,10.19,13.34,10.81,8.73,12.67,12.66,21.03,9.67,8.40,22.17,8.61,15.12,8.02,8.64,4.81,5.16,6.20,8.61,8.07,4.74,6.36,4.54,4.62,9.94,14.41,7.60,5.00,15.92,19.50,6.67,39.92,20.12,20.33,17.96,17.18,18.14,17.87,15.11,15.25,15.65,15.43,21.42,14.49,14.84,13.91,15.75,15.20,14.31,16.55,14.36,14.23,12.09,16.89,11.72,13.56,13.58,11.80,13.11,11.70,14.09,11.71,11.63,10.08,21.59,13.33,10.37,13.98,12.29,9.57,11.83,13.67,9.92,22.49,16.94,22.95,15.84,8.14,10.99,8.84,6.51,6.51,6.51,9.82,10.14,7.51,28.76,7.13,8.94,6.23,5.63,9.13,9.19,9.53,6.78,5.29,16.55,8.82,14.62,7.19,11.50,4.55,11.02,11.24,12.66,5.80,12.06,0.00,12.56,1.68,25.54,21.28,12.73,4.82,18.43,37.84,15.59,49.79
118,35.82,14.91,17.06,17.44,16.71,14.03,18.70,14.04,15.82,12.60,12.54,8.95,15.49,13.03,17.34,19.33,28.91,14.35,13.08,30.05,14.98,22.99,7.75,14.73,10.68,9.07,13.64,15.80,5.21,8.50,7.48,8.69,8.78,3.57,22.29,15.81,9.14,5.63,9.21,8.49,29.63,19.08,19.29,21.29,20.51,17.10,16.83,18.44,18.58,14.61,13.88,17.83,16.84,13.29,16.26,14.20,13.49,13.27,13.34,12.45,12.52,16.76,21.57,15.03,18.23,18.26,15.93,12.73,16.38,18.77,13.64,16.31,12.43,29.46,8.96,13.02,18.65,16.97,14.25,16.51,18.35,14.60,16.05,10.50,16.51,9.03,12.81,16.85,12.80,11.19,11.19,11.19,15.69,14.82,12.19,20.28,13.00,14.80,10.90,11.49,6.10,17.07,15.65,7.59,8.15,24.42,5.39,5.36,15.06,3.85,12.15,18.89,19.12,20.54,9.30,1.77,12.57,0.00,11.49,15.25,29.16,4.40,12.24,8.14,27.55,23.64,39.50
119,37.59,16.68,14.93,15.32,13.88,14.91,14.25,11.64,11.37,12.49,10.41,13.56,11.04,8.96,12.89,12.88,21.25,9.89,8.62,22.40,8.83,15.34,6.75,8.87,5.04,3.92,6.42,8.15,6.80,3.37,5.09,3.28,3.37,8.68,14.64,8.16,3.76,14.65,18.23,6.12,38.65,20.34,20.55,18.18,17.40,18.36,18.09,15.33,15.47,15.87,15.65,21.65,14.71,15.07,14.13,15.97,15.42,14.53,16.77,14.59,14.45,12.31,17.11,11.94,13.78,13.81,12.02,13.33,11.92,14.31,11.93,11.86,10.30,21.81,13.55,10.59,14.20,12.51,9.79,12.06,13.89,10.14,22.71,17.16,23.17,16.06,8.36,11.21,9.06,6.73,6.73,6.73,10.05,10.37,7.73,28.98,7.36,9.16,6.45,5.85,7.86,9.42,9.75,5.51,4.02,16.77,7.55,13.35,7.41,10.23,4.78,11.24,11.47,12.88,4.53,10.79,2.38,11.29,0.00,24.27,21.50,12.18,4.12,17.17,36.57,15.04,48.52
120,27.38,27.54,29.69,30.07,29.34,26.66,31.33,26.67,28.45,25.23,25.17,21.58,28.12,25.66,29.97,31.96,41.54,26.98,25.71,42.68,27.61,35.62,20.38,27.36,23.31,21.70,26.27,28.43,17.84,21.13,20.11,21.32,21.41,16.20,34.92,28.44,21.77,10.46,6.50,24.26,16.08,31.71,31.92,33.92,33.14,29.73,29.46,31.07,31.21,27.24,26.51,23.82,29.47,25.92,28.89,26.83,26.12,25.90,25.97,25.08,25.15,29.39,34.20,27.66,30.86,30.89,28.56,25.36,29.00,31.40,26.27,28.94,25.06,42.09,21.59,25.65,31.28,29.60,26.88,29.14,30.98,27.23,13.10,23.13,13.21,21.66,25.44,29.48,25.43,23.82,23.82,23.82,28.32,27.45,24.82,13.23,25.63,27.43,23.53,24.12,18.73,29.70,28.28,20.22,20.78,37.05,18.02,16.21,27.69,16.48,24.78,31.52,31.75,33.17,21.93,14.12,25.20,16.03,24.12,0.00,41.79,14.99,28.01,10.27,14.01,36.27,25.96
121,48.30,27.39,24.74,22.83,23.46,25.62,19.30,22.34,22.38,24.09,22.12,28.09,20.46,21.14,18.20,17.10,12.55,19.86,19.37,13.69,19.98,11.39,24.06,14.54,18.91,20.02,16.38,14.04,24.15,21.23,23.76,21.25,21.35,26.02,9.16,15.63,27.55,32.00,35.58,24.69,56.00,31.05,31.26,24.90,24.11,26.75,27.09,22.04,22.18,26.58,26.36,35.82,23.91,25.77,24.59,26.68,28.30,25.24,29.65,25.30,27.74,22.19,16.39,22.65,20.60,20.62,23.97,24.04,22.71,18.48,22.64,20.54,22.17,15.28,28.08,21.30,17.60,19.08,20.78,19.13,18.03,19.82,36.19,30.64,36.65,29.54,18.77,16.41,18.95,20.75,20.75,20.75,16.36,17.03,20.15,42.46,17.69,15.74,21.42,17.89,25.21,13.64,14.10,22.68,21.19,12.59,24.90,30.70,15.59,27.58,17.94,11.09,10.65,9.76,22.69,28.14,22.40,28.64,23.16,41.62,0.00,30.75,21.33,33.86,53.92,27.20,65.87
122,39.95,19.05,21.20,21.58,20.85,18.16,22.84,18.17,19.96,16.73,16.67,13.08,19.62,17.16,21.48,22.14,30.51,18.48,17.21,31.66,19.12,24.60,11.88,18.86,14.81,13.21,17.78,17.22,9.34,12.63,11.62,12.82,12.92,7.70,23.90,16.21,9.73,5.33,8.91,6.87,29.33,23.22,23.43,25.43,24.64,21.23,20.97,22.57,22.71,18.74,18.01,17.57,20.97,17.43,20.39,18.34,17.62,17.41,17.48,16.58,16.65,20.90,25.70,19.17,22.37,22.40,20.06,16.87,20.51,22.90,17.78,20.44,16.56,31.07,13.09,17.15,22.79,21.10,18.38,20.64,22.48,18.73,15.53,14.64,15.99,13.17,16.95,21.45,16.93,15.32,15.32,15.32,19.82,18.96,16.32,20.01,17.13,18.93,15.04,15.63,10.24,18.68,19.01,11.72,12.29,26.03,9.53,9.30,17.29,7.98,16.29,20.50,20.72,22.14,13.43,7.21,12.85,4.40,11.86,14.95,30.76,0.00,10.62,3.11,27.26,20.83,39.21
123,40.46,19.55,17.80,18.18,16.75,17.78,16.26,14.50,14.24,15.36,13.28,16.43,13.90,11.82,13.87,12.77,21.15,12.76,11.49,22.29,11.33,15.23,9.45,9.66,7.90,8.24,9.29,7.86,9.51,7.83,7.79,7.63,7.71,11.38,14.53,6.85,5.29,17.36,20.94,4.16,41.35,23.21,23.42,21.05,20.26,21.22,20.96,18.20,18.34,18.73,18.52,24.51,17.58,17.93,17.00,18.84,18.29,17.40,19.63,17.45,17.32,15.18,17.25,14.81,16.65,16.67,14.88,16.20,14.79,14.92,14.79,14.72,13.17,21.70,16.42,13.46,14.05,15.38,12.66,14.92,13.70,13.01,25.58,20.03,26.03,18.93,11.22,12.09,11.92,9.60,9.60,9.60,11.19,11.37,10.60,31.85,10.22,10.25,9.32,8.72,10.57,9.31,9.64,8.42,8.38,16.67,10.26,16.06,7.93,12.94,7.64,11.13,11.36,12.78,7.95,13.49,4.01,11.83,4.77,26.98,21.40,10.21,0.00,13.32,39.28,14.20,51.23
124,41.35,20.45,22.60,22.98,22.25,19.56,24.24,19.57,21.36,18.13,18.07,14.48,21.03,18.56,22.88,24.87,34.44,19.88,18.61,35.59,20.52,28.53,13.28,20.26,16.21,14.61,19.18,21.34,10.74,14.03,13.02,14.22,14.32,9.10,27.83,19.32,12.84,5.15,4.22,9.98,24.64,24.62,24.83,26.83,26.04,22.63,22.37,23.97,24.11,20.14,19.41,17.39,22.37,18.83,21.79,19.74,19.02,18.81,18.88,17.98,18.05,22.30,27.10,20.57,23.77,23.80,21.46,18.27,21.91,24.30,19.18,21.84,17.96,35.00,14.49,18.55,24.19,22.50,19.78,22.04,23.88,20.13,15.35,16.04,15.80,14.57,18.35,22.39,18.33,16.72,16.72,16.72,21.22,20.36,17.72,19.10,18.53,20.33,16.44,17.03,11.64,22.61,21.18,13.12,13.69,29.96,10.93,9.11,20.60,9.39,17.69,24.43,24.65,26.07,14.83,7.03,18.11,8.93,17.02,10.26,34.69,3.11,13.73,0.00,22.56,23.94,34.51
125,30.55,39.84,41.99,42.37,41.65,38.96,43.64,38.97,40.76,37.53,37.47,33.88,40.42,37.96,42.28,44.27,53.84,39.28,38.01,54.98,39.92,47.93,32.68,39.66,35.61,34.00,38.57,40.73,30.14,33.43,32.41,33.62,33.72,28.50,47.22,40.74,34.07,22.76,18.81,36.56,3.47,44.01,44.22,46.22,45.44,42.03,41.77,43.37,43.51,39.54,38.81,36.12,41.77,38.23,41.19,39.13,38.42,38.20,38.27,37.38,37.45,41.70,46.50,39.97,43.17,43.19,40.86,37.67,41.31,43.70,38.58,41.24,37.36,54.40,33.89,37.95,43.59,41.90,39.18,41.44,43.28,39.53,25.40,35.43,25.52,33.96,37.74,41.78,37.73,36.12,36.12,36.12,40.62,39.75,37.12,18.39,37.93,39.73,35.84,36.42,31.04,42.00,40.58,32.52,33.09,49.36,30.32,28.51,40.00,28.78,37.09,43.82,44.05,45.47,34.23,26.43,37.51,28.33,36.42,13.85,54.09,27.30,40.31,22.57,0.00,48.58,12.37
126,49.19,28.28,26.95,27.33,26.60,26.51,28.61,23.92,25.72,24.32,22.42,24.06,25.39,22.92,27.24,27.84,30.00,24.25,22.98,31.14,23.19,26.27,18.47,23.22,19.39,18.92,20.77,22.93,18.53,18.35,18.14,17.04,16.99,20.40,23.37,21.91,14.32,26.38,29.96,14.30,50.37,31.94,32.15,31.18,30.39,29.96,29.69,28.32,28.46,27.47,27.25,33.47,26.72,26.67,26.14,27.57,27.25,26.13,28.60,26.19,26.28,26.66,31.47,24.92,28.13,28.16,25.81,24.93,26.28,28.67,23.53,26.21,22.32,32.73,24.05,22.91,28.55,26.87,24.15,26.41,28.25,24.50,32.58,27.03,33.04,25.93,22.71,27.15,23.41,21.09,21.09,21.09,24.40,24.72,22.09,38.86,21.71,23.51,20.80,20.20,19.59,24.38,24.71,17.44,18.00,25.52,19.28,25.08,21.76,21.96,19.13,24.03,23.59,22.70,16.97,22.51,15.50,23.01,14.99,36.00,27.23,20.36,17.41,23.47,48.30,0.00,47.85
127,39.92,51.81,53.96,54.34,53.62,50.93,55.61,50.94,52.73,49.50,49.44,45.85,52.39,49.93,54.25,56.24,65.81,51.25,49.98,66.95,51.88,59.89,44.65,51.63,47.58,45.97,50.54,52.70,42.11,45.40,44.38,45.59,45.68,40.47,59.19,52.71,46.04,34.73,30.77,48.53,12.84,55.98,56.19,58.19,57.41,54.00,53.73,55.34,55.48,51.51,50.78,48.09,53.74,50.19,53.16,51.10,50.39,50.17,50.24,49.35,49.42,53.66,58.47,51.93,55.13,55.16,52.83,49.64,53.28,55.67,50.54,53.21,49.33,66.36,45.86,49.92,55.55,53.87,51.15,53.41,55.25,51.50,37.37,47.40,37.49,45.93,49.71,53.75,49.70,48.09,48.09,48.09,52.59,51.72,49.09,30.36,49.90,51.70,47.81,48.39,43.00,53.97,52.55,44.49,45.05,61.32,42.29,40.48,51.97,40.75,49.06,55.79,56.02,57.44,46.20,38.39,49.48,40.30,48.39,25.82,66.06,39.26,52.28,34.54,12.34,55.59,0.00
